0.143236 
0.025594 
-0.093052 
-0.150255 
-0.090086 
-0.006584 
0.055775 
0.040709 
0.018028 
-0.002028 
0.017849 
0.015279 
0.000182 
-0.050877 
-0.069739 
-0.057935 
0.020108 
0.097072 
0.150057 
0.099717 
-0.023217 
-0.194152 
-0.279569 
-0.222841 
0.020113 
0.309192 
0.488340 
0.368306 
-0.010893 
-0.473459 
-0.687181 
-0.501790 
0.034505 
0.575192 
0.810248 
0.560231 
0.000701 
-0.565608 
-0.783463 
-0.565498 
-0.024310 
0.485596 
0.696339 
0.479836 
0.032777 
-0.377887 
-0.490849 
-0.321514 
-0.003594 
0.224458 
0.288254 
0.177795 
0.020577 
-0.125965 
-0.175644 
-0.143285 
-0.009741 
0.134579 
0.227146 
0.152882 
-0.046635 
-0.279677 
-0.347672 
-0.209549 
0.079714 
0.298999 
0.339078 
0.171903 
-0.039078 
-0.183900 
-0.173478 
-0.086067 
0.027187 
0.078715 
0.095298 
0.055525 
-0.004850 
-0.111028 
-0.181511 
-0.164870 
0.022972 
0.283926 
0.467687 
0.353427 
-0.056801 
-0.592921 
-0.872409 
-0.651291 
0.093085 
0.964754 
1.441629 
1.075277 
-0.052831 
-1.383287 
-2.040358 
-1.511838 
0.044879 
1.700866 
2.436394 
1.716719 
-0.018292 
-1.744337 
-2.405817 
-1.685395 
-0.051642 
1.463939 
2.032020 
1.397674 
0.088898 
-1.087305 
-1.460783 
-0.986072 
-0.065634 
0.672614 
0.891786 
0.578894 
0.069195 
-0.337297 
-0.444190 
-0.325834 
-0.090131 
0.109526 
0.246530 
0.260320 
0.172482 
-0.017529 
-0.181540 
-0.245849 
-0.147368 
0.002835 
0.121223 
0.119214 
0.064686 
-0.008527 
-0.033948 
-0.049938 
-0.031266 
-0.009085 
0.038216 
0.042885 
0.014382 
-0.056253 
-0.078897 
-0.052322 
0.037019 
0.105354 
0.143109 
0.094663 
-0.010723 
-0.173753 
-0.273014 
-0.232732 
0.014045 
0.320968 
0.505744 
0.370171 
-0.025201 
-0.483699 
-0.680635 
-0.490465 
0.031013 
0.556645 
0.795561 
0.561363 
0.007022 
-0.571740 
-0.802437 
-0.580700 
-0.025055 
0.490748 
0.692735 
0.466434 
0.022097 
-0.376865 
-0.482979 
-0.317767 
-0.007834 
0.218377 
0.288397 
0.186039 
0.033285 
-0.110341 
-0.153657 
-0.117479 
-0.003011 
0.088721 
0.126663 
0.061292 
-0.030554 
-0.113363 
-0.112287 
-0.068052 
0.015630 
0.071992 
0.115170 
0.099992 
0.055056 
-0.033453 
-0.085583 
-0.092403 
-0.025540 
0.029823 
0.056444 
0.017357 
-0.019498 
-0.056366 
-0.053987 
-0.046493 
0.007252 
0.072454 
0.142171 
0.116913 
-0.002658 
-0.194743 
-0.298595 
-0.234169 
0.033505 
0.333965 
0.497056 
0.353474 
-0.027202 
-0.467082 
-0.662733 
-0.487754 
0.021451 
0.551992 
0.806698 
0.580683 
0.017352 
-0.577515 
-0.812814 
-0.578454 
-0.008191 
0.504875 
0.687768 
0.448680 
0.014503 
-0.364032 
-0.467086 
-0.322032 
-0.030031 
0.203517 
0.294772 
0.197301 
0.027364 
-0.126377 
-0.149047 
-0.081831 
0.026595 
0.058147 
0.026813 
-0.044133 
-0.047309 
0.003595 
0.087620 
0.097678 
0.045742 
-0.050777 
-0.087873 
-0.073716 
-0.011039 
0.014759 
0.019654 
-0.005012 
0.003250 
0.011726 
0.029696 
0.006842 
-0.016033 
-0.050823 
-0.049114 
-0.038007 
0.018711 
0.080735 
0.145496 
0.120807 
0.005825 
-0.185529 
-0.294424 
-0.233865 
0.036203 
0.340649 
0.501841 
0.351596 
-0.032033 
-0.467746 
-0.659165 
-0.487439 
0.014218 
0.542777 
0.803508 
0.582601 
0.015535 
-0.587343 
-0.823830 
-0.581772 
-0.005257 
0.503987 
0.678333 
0.438339 
0.013118 
-0.358156 
-0.465358 
-0.329906 
-0.038782 
0.205704 
0.306676 
0.204961 
0.020250 
-0.144547 
-0.166569 
-0.089055 
0.038851 
0.102081 
0.102262 
0.025229 
-0.052049 
-0.115844 
-0.099844 
-0.036825 
0.065199 
0.112776 
0.104459 
0.025914 
-0.035420 
-0.069130 
-0.039560 
-0.008227 
0.031956 
0.043317 
0.062985 
0.045467 
-0.002697 
-0.114910 
-0.195223 
-0.176700 
0.021192 
0.283602 
0.455038 
0.330499 
-0.072769 
-0.593270 
-0.869974 
-0.661948 
0.074273 
0.957023 
1.450520 
1.084738 
-0.056423 
-1.391233 
-2.035280 
-1.493653 
0.059498 
1.703523 
2.438254 
1.730155 
0.001416 
-1.732517 
-2.403443 
-1.680669 
-0.039168 
1.474759 
2.032536 
1.393663 
0.090432 
-1.082712 
-1.463987 
-0.998198 
-0.076460 
0.666566 
0.880262 
0.557392 
0.057024 
-0.312939 
-0.386909 
-0.287416 
-0.140506 
-0.057725 
0.022297 
0.117317 
0.247203 
0.297775 
0.228788 
0.020247 
-0.187466 
-0.300160 
-0.231902 
-0.074143 
0.086364 
0.126885 
0.081151 
-0.008072 
-0.027822 
0.005316 
0.069341 
0.058985 
-0.014416 
-0.134506 
-0.184282 
-0.134383 
0.052833 
0.276239 
0.433427 
0.338631 
-0.031846 
-0.560761 
-0.875125 
-0.684732 
0.073343 
0.984339 
1.473943 
1.077322 
-0.083701 
-1.406645 
-2.026533 
-1.480439 
0.051972 
1.674901 
2.411987 
1.725088 
0.010456 
-1.732777 
-2.424508 
-1.708230 
-0.049448 
1.487047 
2.047152 
1.388310 
0.068522 
-1.094044 
-1.446246 
-0.965709 
-0.059485 
0.660785 
0.874972 
0.565989 
0.049988 
-0.372000 
-0.462230 
-0.256153 
0.096913 
0.313483 
0.266381 
-0.031036 
-0.315447 
-0.379750 
-0.137482 
0.196996 
0.394012 
0.295558 
0.037004 
-0.196014 
-0.227235 
-0.118041 
0.030625 
0.081900 
0.067869 
0.019123 
0.013923 
0.007530 
-0.002353 
-0.054226 
-0.077540 
-0.063601 
0.022028 
0.100785 
0.146498 
0.090451 
-0.027793 
-0.190112 
-0.275309 
-0.226388 
0.013417 
0.309840 
0.496658 
0.373664 
-0.014017 
-0.476971 
-0.681827 
-0.491689 
0.037843 
0.570416 
0.808106 
0.566749 
0.007681 
-0.568014 
-0.791706 
-0.568360 
-0.020247 
0.486355 
0.687737 
0.469155 
0.029438 
-0.376180 
-0.493986 
-0.332511 
-0.016043 
0.215195 
0.280601 
0.175672 
0.041727 
-0.067972 
-0.106076 
-0.135842 
-0.138950 
-0.122845 
-0.021229 
0.118877 
0.254041 
0.260823 
0.144307 
-0.060954 
-0.202911 
-0.231826 
-0.123898 
0.004513 
0.098782 
0.092635 
0.048319 
-0.012626 
-0.020702 
-0.010872 
0.020688 
0.011608 
-0.010666 
-0.057876 
-0.065692 
-0.049044 
0.019744 
0.082187 
0.133705 
0.100177 
-0.006196 
-0.182471 
-0.289968 
-0.242648 
0.019360 
0.333721 
0.510641 
0.362006 
-0.034047 
-0.476934 
-0.659196 
-0.473837 
0.028797 
0.546697 
0.800991 
0.585947 
0.028177 
-0.573742 
-0.817492 
-0.581785 
-0.004772 
0.509477 
0.687001 
0.444170 
0.011742 
-0.364220 
-0.468245 
-0.325879 
-0.035067 
0.198130 
0.288610 
0.193513 
0.034365 
-0.103532 
-0.121945 
-0.080919 
-0.028137 
-0.047457 
-0.073146 
-0.056000 
0.074161 
0.214665 
0.269697 
0.140212 
-0.068039 
-0.233873 
-0.225358 
-0.110948 
0.026018 
0.069804 
0.060013 
0.018803 
0.017053 
0.020429 
0.041688 
0.025857 
-0.012007 
-0.103568 
-0.169017 
-0.156581 
0.022725 
0.278906 
0.466028 
0.359150 
-0.048176 
-0.589288 
-0.875690 
-0.654661 
0.097241 
0.974866 
1.447680 
1.071130 
-0.060353 
-1.382039 
-2.029525 
-1.504877 
0.037907 
1.688597 
2.435608 
1.728275 
-0.012157 
-1.754955 
-2.420792 
-1.685835 
-0.039829 
1.467668 
2.019189 
1.383866 
0.090321 
-1.077121 
-1.459623 
-0.995715 
-0.070428 
0.679817 
0.895322 
0.558823 
0.029479 
-0.362739 
-0.412607 
-0.220798 
0.045892 
0.173831 
0.137591 
-0.017996 
-0.115664 
-0.092576 
0.053662 
0.160294 
0.150841 
0.004140 
-0.128304 
-0.169696 
-0.081995 
0.015136 
0.072618 
0.050433 
0.031266 
0.018106 
0.031714 
0.008803 
-0.019337 
-0.057309 
-0.048604 
-0.027908 
0.027342 
0.077653 
0.135072 
0.114838 
0.006749 
-0.186335 
-0.302749 
-0.245138 
0.028557 
0.336041 
0.495868 
0.343903 
-0.038475 
-0.472693 
-0.664835 
-0.492878 
0.012921 
0.545473 
0.804450 
0.579073 
0.013694 
-0.580519 
-0.812032 
-0.575856 
-0.007602 
0.504263 
0.690161 
0.454586 
0.019385 
-0.363052 
-0.467092 
-0.319184 
-0.025588 
0.205543 
0.294773 
0.200709 
0.036169 
-0.120796 
-0.160727 
-0.114377 
-0.008599 
0.051622 
0.065454 
0.017615 
-0.014623 
-0.032688 
-0.004350 
0.013728 
0.033712 
0.019716 
0.015483 
-0.003234 
-0.003801 
-0.023179 
-0.025116 
-0.031950 
-0.003629 
0.017888 
0.043682 
0.023058 
-0.007012 
-0.055006 
-0.059755 
-0.040939 
0.027829 
0.089881 
0.141623 
0.107872 
0.000150 
-0.177669 
-0.286202 
-0.240121 
0.019856 
0.332169 
0.507805 
0.358035 
-0.039887 
-0.484849 
-0.668207 
-0.483047 
0.019130 
0.536038 
0.789864 
0.575521 
0.018854 
-0.582406 
-0.825522 
-0.588376 
-0.009373 
0.506523 
0.685358 
0.444286 
0.014034 
-0.360383 
-0.463768 
-0.320211 
-0.026134 
0.211771 
0.305105 
0.205945 
0.031299 
-0.131401 
-0.167015 
-0.105802 
0.023364 
0.109756 
0.139382 
0.079452 
-0.001494 
-0.091704 
-0.125165 
-0.123170 
-0.060362 
0.007540 
0.081563 
0.097196 
0.074841 
0.001826 
-0.042722 
-0.052968 
0.004315 
0.056789 
0.090687 
0.050653 
-0.020140 
-0.122031 
-0.172304 
-0.145043 
0.026977 
0.261997 
0.439936 
0.345822 
-0.044759 
-0.587510 
-0.892243 
-0.682898 
0.079236 
0.976975 
1.455761 
1.065252 
-0.080579 
-1.396673 
-2.022884 
-1.485184 
0.048084 
1.680139 
2.425143 
1.738334 
0.017426 
-1.731725 
-2.422629 
-1.698349 
-0.032550 
1.499882 
2.046249 
1.379581 
0.069262 
-1.078015 
-1.432464 
-0.974805 
-0.086274 
0.643898 
0.884513 
0.591040 
0.075100 
-0.346197 
-0.443568 
-0.295535 
-0.060800 
0.068191 
0.103133 
0.086965 
0.111814 
0.124694 
0.101033 
-0.007033 
-0.109823 
-0.161705 
-0.100058 
-0.002939 
0.083041 
0.075404 
0.024043 
-0.041078 
-0.033131 
0.013534 
0.077058 
0.061722 
-0.015944 
-0.140945 
-0.195813 
-0.146193 
0.046635 
0.274195 
0.428151 
0.328154 
-0.040118 
-0.560947 
-0.872188 
-0.686957 
0.067490 
0.984127 
1.481980 
1.085392 
-0.082061 
-1.406507 
-2.019621 
-1.468031 
0.060988 
1.677245 
2.414257 
1.733243 
0.020754 
-1.728183 
-2.426153 
-1.708934 
-0.045166 
1.491204 
2.044524 
1.380784 
0.064132 
-1.092955 
-1.447205 
-0.976198 
-0.076618 
0.647744 
0.875874 
0.587953 
0.096286 
-0.318839 
-0.460159 
-0.378953 
-0.154127 
0.075616 
0.275090 
0.354678 
0.295292 
0.063154 
-0.208089 
-0.382462 
-0.310232 
-0.067186 
0.198999 
0.280870 
0.181376 
-0.013790 
-0.123571 
-0.123828 
-0.030154 
0.042846 
0.082133 
0.049746 
-0.011736 
-0.116687 
-0.182960 
-0.166486 
0.013720 
0.267280 
0.453915 
0.351241 
-0.051989 
-0.594179 
-0.884047 
-0.661845 
0.096542 
0.978920 
1.450377 
1.070995 
-0.058441 
-1.374481 
-2.019016 
-1.496028 
0.044625 
1.696039 
2.445248 
1.738821 
-0.002647 
-1.747562 
-2.415590 
-1.681733 
-0.035328 
1.472304 
2.021449 
1.382033 
0.086200 
-1.080195 
-1.461314 
-0.999615 
-0.079637 
0.667790 
0.888589 
0.564608 
0.045341 
-0.352363 
-0.428959 
-0.274152 
-0.027798 
0.124745 
0.162963 
0.095093 
0.032970 
-0.005019 
0.010668 
0.010468 
0.003015 
-0.034524 
-0.040936 
-0.036701 
-0.003742 
0.001486 
0.007056 
-0.004564 
0.012788 
0.017932 
0.025474 
-0.002003 
-0.017239 
-0.041060 
-0.040331 
-0.043495 
0.003316 
0.074380 
0.156528 
0.133370 
-0.000040 
-0.205455 
-0.303923 
-0.221853 
0.051050 
0.334983 
0.480056 
0.340270 
-0.020333 
-0.451598 
-0.663128 
-0.508959 
0.001331 
0.553297 
0.821105 
0.581679 
-0.004472 
-0.601046 
-0.813884 
-0.562259 
-0.002635 
0.486815 
0.665825 
0.448798 
0.034059 
-0.352130 
-0.477724 
-0.338699 
-0.027886 
0.224750 
0.311512 
0.193545 
0.015082 
-0.122746 
-0.123460 
-0.055760 
0.026912 
0.031277 
0.000933 
-0.037288 
-0.004137 
0.053393 
0.108304 
0.078886 
0.005651 
-0.089817 
-0.118754 
-0.096765 
-0.016175 
0.043479 
0.077407 
0.045432 
0.008379 
-0.026565 
-0.009094 
0.004954 
0.009982 
-0.037852 
-0.070328 
-0.070102 
0.011645 
0.101033 
0.160023 
0.104216 
-0.026993 
-0.198568 
-0.276262 
-0.211948 
0.030590 
0.312380 
0.486072 
0.368986 
-0.002181 
-0.461508 
-0.681630 
-0.505639 
0.028930 
0.577013 
0.818325 
0.563897 
-0.007160 
-0.579227 
-0.790821 
-0.563305 
-0.022636 
0.475636 
0.677204 
0.465733 
0.032261 
-0.373433 
-0.496897 
-0.340042 
-0.019642 
0.223084 
0.294425 
0.177055 
0.018023 
-0.104639 
-0.122289 
-0.102650 
-0.056796 
-0.026104 
0.038312 
0.099523 
0.150575 
0.114117 
0.021511 
-0.106791 
-0.162683 
-0.136876 
-0.019849 
0.079039 
0.119545 
0.055628 
-0.022013 
-0.069317 
-0.023624 
0.042291 
0.093129 
0.056245 
-0.022841 
-0.130050 
-0.174940 
-0.138557 
0.035116 
0.263461 
0.436373 
0.346301 
-0.035811 
-0.575970 
-0.886521 
-0.683289 
0.080365 
0.984897 
1.466578 
1.071123 
-0.081316 
-1.397765 
-2.018835 
-1.478520 
0.050667 
1.677000 
2.421308 
1.737892 
0.018350 
-1.733369 
-2.426796 
-1.702475 
-0.036261 
1.495529 
2.042532 
1.378306 
0.067903 
-1.083695 
-1.440139 
-0.976248 
-0.079447 
0.649243 
0.878574 
0.576752 
0.062641 
-0.353165 
-0.445253 
-0.280366 
-0.008896 
0.152110 
0.165961 
0.055853 
-0.037831 
-0.077356 
-0.028520 
0.031761 
0.089099 
0.082643 
0.044551 
-0.031642 
-0.069619 
-0.072580 
-0.017995 
0.018411 
0.037406 
0.013360 
0.008709 
-0.000048 
-0.000014 
-0.040431 
-0.067681 
-0.071074 
0.003389 
0.091008 
0.156746 
0.109079 
-0.022813 
-0.204420 
-0.289245 
-0.218456 
0.037642 
0.322466 
0.483612 
0.355048 
-0.009506 
-0.451277 
-0.666313 
-0.505202 
0.014816 
0.569591 
0.830657 
0.581998 
-0.005638 
-0.593901 
-0.798782 
-0.551077 
-0.005163 
0.475930 
0.661720 
0.457141 
0.042323 
-0.359605 
-0.498812 
-0.354886 
-0.028228 
0.228661 
0.302019 
0.174465 
0.010203 
-0.104558 
-0.111857 
-0.092444 
-0.058317 
-0.045078 
0.000383 
0.049525 
0.113746 
0.129247 
0.111102 
0.031337 
-0.048605 
-0.120087 
-0.115718 
-0.066831 
0.021026 
0.060254 
0.057330 
0.002915 
-0.019977 
-0.018103 
0.020855 
0.021673 
-0.000600 
-0.055982 
-0.069915 
-0.050463 
0.027753 
0.096846 
0.144291 
0.099429 
-0.011733 
-0.178572 
-0.273676 
-0.228939 
0.016116 
0.320395 
0.507683 
0.375354 
-0.022533 
-0.485349 
-0.680250 
-0.484003 
0.037369 
0.555269 
0.789705 
0.561135 
0.014176 
-0.567285 
-0.808360 
-0.590665 
-0.027022 
0.497381 
0.695620 
0.457546 
0.009813 
-0.378783 
-0.474751 
-0.313513 
-0.015555 
0.207790 
0.287002 
0.191213 
0.034292 
-0.111144 
-0.140121 
-0.086985 
0.015793 
0.061668 
0.061929 
0.020113 
0.013996 
0.012007 
0.012196 
-0.036254 
-0.067767 
-0.066452 
0.004444 
0.057125 
0.068606 
0.009312 
-0.030841 
-0.038598 
0.011180 
0.043314 
0.061527 
0.028938 
-0.019333 
-0.111200 
-0.175288 
-0.165299 
0.010702 
0.266765 
0.456037 
0.350683 
-0.056120 
-0.596703 
-0.882782 
-0.661655 
0.092034 
0.974146 
1.451086 
1.074402 
-0.059970 
-1.381067 
-2.022065 
-1.491249 
0.049872 
1.693312 
2.438112 
1.738198 
0.005266 
-1.741620 
-2.419596 
-1.689231 
-0.034489 
1.481426 
2.026573 
1.376121 
0.077698 
-1.079256 
-1.452516 
-0.995976 
-0.087091 
0.658577 
0.888146 
0.568989 
0.042590 
-0.362392 
-0.431742 
-0.261734 
-0.014022 
0.120707 
0.145243 
0.089499 
0.050708 
0.009152 
-0.015925 
-0.053129 
-0.044237 
-0.015871 
0.032927 
0.030163 
0.007990 
-0.030440 
-0.021765 
-0.004135 
0.032347 
0.043571 
0.062880 
0.044630 
-0.002631 
-0.109715 
-0.182887 
-0.163665 
0.024794 
0.278154 
0.453921 
0.342231 
-0.058679 
-0.593253 
-0.882621 
-0.668935 
0.082300 
0.966954 
1.445342 
1.067258 
-0.067999 
-1.388294 
-2.029393 
-1.499941 
0.042287 
1.690534 
2.438692 
1.736270 
-0.000603 
-1.744657 
-2.413779 
-1.678993 
-0.029704 
1.479552 
2.028067 
1.388173 
0.093649 
-1.071510 
-1.454053 
-0.995501 
-0.076556 
0.673297 
0.896044 
0.568926 
0.042424 
-0.361241 
-0.439558 
-0.282879 
-0.029444 
0.138659 
0.193252 
0.118743 
0.009211 
-0.095852 
-0.108449 
-0.053569 
0.053927 
0.106769 
0.094288 
0.006018 
-0.057187 
-0.078087 
-0.032658 
-0.002282 
0.015479 
0.000943 
0.013808 
0.017044 
0.012970 
-0.042098 
-0.077273 
-0.071743 
0.018996 
0.110971 
0.163369 
0.101539 
-0.025547 
-0.187581 
-0.263794 
-0.208984 
0.026099 
0.313295 
0.497386 
0.379700 
-0.003530 
-0.469888 
-0.682798 
-0.497321 
0.033830 
0.569929 
0.807424 
0.561092 
-0.003671 
-0.580621 
-0.800179 
-0.572395 
-0.025549 
0.474943 
0.673356 
0.460222 
0.029035 
-0.374913 
-0.498998 
-0.341497 
-0.018512 
0.224018 
0.292201 
0.177527 
0.032164 
-0.076790 
-0.098702 
-0.105630 
-0.093855 
-0.085082 
-0.018012 
0.076751 
0.192109 
0.231891 
0.184760 
0.028582 
-0.131530 
-0.235595 
-0.200909 
-0.092425 
0.036509 
0.082292 
0.073702 
0.026051 
0.018895 
0.024643 
0.047643 
0.023058 
-0.027287 
-0.119076 
-0.170612 
-0.147224 
0.025729 
0.265874 
0.447609 
0.353020 
-0.039921 
-0.583010 
-0.885016 
-0.672112 
0.091256 
0.986364 
1.460539 
1.068072 
-0.074516 
-1.386410 
-2.014981 
-1.486569 
0.040388 
1.677057 
2.430778 
1.742309 
0.008023 
-1.749809 
-2.432568 
-1.694484 
-0.029775 
1.486546 
2.024235 
1.369858 
0.076832 
-1.071821 
-1.443264 
-0.991384 
-0.084668 
0.666249 
0.900598 
0.573375 
0.026271 
-0.393410 
-0.447510 
-0.224432 
0.091007 
0.256161 
0.222081 
0.017868 
-0.177763 
-0.261582 
-0.154861 
0.036141 
0.204682 
0.214740 
0.108311 
-0.046045 
-0.113341 
-0.102748 
-0.031681 
0.007195 
0.030917 
0.026221 
0.039608 
0.024676 
-0.001806 
-0.059803 
-0.075894 
-0.053183 
0.030887 
0.099525 
0.139786 
0.090889 
-0.016253 
-0.178673 
-0.276586 
-0.237345 
0.008362 
0.318240 
0.507416 
0.371443 
-0.028256 
-0.486956 
-0.677251 
-0.481582 
0.036961 
0.556005 
0.795172 
0.568933 
0.019626 
-0.564335 
-0.803686 
-0.582159 
-0.018167 
0.501958 
0.696541 
0.459969 
0.015853 
-0.374018 
-0.476737 
-0.319770 
-0.018331 
0.209724 
0.284589 
0.176616 
0.012326 
-0.127399 
-0.141590 
-0.071196 
0.047930 
0.096516 
0.058747 
-0.070424 
-0.160429 
-0.146930 
0.012276 
0.179456 
0.248181 
0.132666 
-0.050034 
-0.187058 
-0.164800 
-0.059574 
0.053819 
0.074625 
0.053609 
0.015254 
0.019951 
0.013169 
-0.001443 
-0.051929 
-0.067930 
-0.050812 
0.029007 
0.100862 
0.148022 
0.098997 
-0.017597 
-0.186724 
-0.278160 
-0.227404 
0.017452 
0.312932 
0.493272 
0.366931 
-0.017932 
-0.478618 
-0.686727 
-0.500620 
0.030205 
0.566365 
0.802866 
0.556844 
-0.002064 
-0.571441 
-0.791847 
-0.573646 
-0.030745 
0.480787 
0.692476 
0.475324 
0.026071 
-0.385087 
-0.493861 
-0.319111 
-0.001918 
0.219119 
0.279935 
0.178552 
0.036059 
-0.103913 
-0.159986 
-0.141519 
-0.026419 
0.095102 
0.175293 
0.129122 
0.007037 
-0.144881 
-0.201726 
-0.150692 
0.008774 
0.148453 
0.206774 
0.125958 
0.002237 
-0.101777 
-0.102811 
-0.056787 
0.015003 
0.047332 
0.071103 
0.049543 
-0.001818 
-0.113791 
-0.193003 
-0.175829 
0.019074 
0.281878 
0.459211 
0.340134 
-0.065262 
-0.592778 
-0.871108 
-0.656198 
0.085854 
0.964604 
1.449457 
1.082263 
-0.051915 
-1.382477 
-2.031979 
-1.498376 
0.054526 
1.704693 
2.441659 
1.728079 
-0.006235 
-1.738682 
-2.404662 
-1.681583 
-0.044561 
1.467517 
2.028990 
1.393268 
0.087733 
-1.088467 
-1.466722 
-0.994530 
-0.071367 
0.667824 
0.880049 
0.557897 
0.049313 
-0.337986 
-0.412490 
-0.269646 
-0.050444 
0.073227 
0.109649 
0.085972 
0.092554 
0.092871 
0.078691 
0.002376 
-0.063925 
-0.101639 
-0.068023 
-0.031498 
0.006175 
0.009156 
0.024990 
0.023895 
0.033042 
0.023402 
0.037329 
0.028367 
-0.006419 
-0.110322 
-0.189840 
-0.174951 
0.018892 
0.280945 
0.457571 
0.338941 
-0.065409 
-0.593077 
-0.872410 
-0.657257 
0.086364 
0.965840 
1.449840 
1.081980 
-0.051479 
-1.380926 
-2.030067 
-1.496718 
0.055753 
1.705529 
2.442775 
1.730355 
-0.003472 
-1.737524 
-2.405449 
-1.681670 
-0.042207 
1.469806 
2.027860 
1.389967 
0.086524 
-1.087046 
-1.466816 
-0.998100 
-0.074616 
0.668124 
0.879513 
0.548136 
0.028809 
-0.358246 
-0.413706 
-0.236516 
0.014004 
0.134806 
0.109543 
-0.018809 
-0.091093 
-0.065973 
0.059002 
0.150033 
0.160572 
0.062735 
-0.036930 
-0.101041 
-0.081628 
-0.045921 
-0.000263 
0.008711 
0.023434 
0.020653 
0.029815 
0.006518 
-0.018025 
-0.060832 
-0.064273 
-0.046912 
0.019635 
0.080723 
0.134717 
0.105418 
-0.000436 
-0.181370 
-0.292740 
-0.242468 
0.026050 
0.341076 
0.510697 
0.356363 
-0.035620 
-0.470475 
-0.653014 
-0.476928 
0.020040 
0.543536 
0.805982 
0.589341 
0.022341 
-0.583405 
-0.820855 
-0.578427 
-0.003486 
0.503925 
0.679854 
0.442220 
0.014361 
-0.362602 
-0.470244 
-0.329276 
-0.036710 
0.200282 
0.296398 
0.207125 
0.047794 
-0.103552 
-0.147806 
-0.128924 
-0.067531 
-0.030313 
0.028096 
0.094909 
0.179627 
0.183850 
0.097310 
-0.076430 
-0.200833 
-0.218784 
-0.095391 
0.046800 
0.134022 
0.094810 
0.015178 
-0.052480 
-0.036787 
-0.002911 
0.028236 
0.005036 
-0.017211 
-0.046566 
-0.044598 
-0.042916 
0.005550 
0.072054 
0.148988 
0.128384 
0.004399 
-0.196056 
-0.300698 
-0.227112 
0.048070 
0.343564 
0.494671 
0.347793 
-0.022712 
-0.452744 
-0.653336 
-0.493069 
0.010432 
0.551520 
0.818078 
0.587801 
0.008244 
-0.594049 
-0.818730 
-0.570896 
-0.003420 
0.493609 
0.668251 
0.439277 
0.019695 
-0.359242 
-0.477030 
-0.341520 
-0.040798 
0.210612 
0.310125 
0.204943 
0.019668 
-0.150548 
-0.192159 
-0.136808 
0.000422 
0.127761 
0.220352 
0.190435 
0.051437 
-0.170750 
-0.313539 
-0.296558 
-0.087636 
0.152119 
0.296561 
0.243033 
0.086280 
-0.079008 
-0.129337 
-0.098115 
-0.014802 
0.029058 
0.051061 
0.031918 
0.015533 
-0.029955 
-0.058104 
-0.067617 
0.000602 
0.090264 
0.161981 
0.113301 
-0.026864 
-0.213538 
-0.295450 
-0.221228 
0.031669 
0.310659 
0.471360 
0.347195 
-0.015603 
-0.460518 
-0.677419 
-0.512515 
0.012487 
0.567390 
0.825967 
0.579234 
-0.001830 
-0.586420 
-0.793923 
-0.548423 
0.002141 
0.490086 
0.675810 
0.465170 
0.048489 
-0.347519 
-0.482340 
-0.343785 
-0.026153 
0.230348 
0.312759 
0.191700 
0.021998 
-0.108482 
-0.136294 
-0.136695 
-0.106412 
-0.056359 
0.068687 
0.186634 
0.225011 
0.092229 
-0.107920 
-0.251689 
-0.201783 
-0.035985 
0.131477 
0.155499 
0.080394 
-0.031851 
-0.071750 
-0.066531 
-0.015978 
0.023099 
0.071093 
0.067996 
0.014343 
-0.112257 
-0.197280 
-0.169119 
0.039049 
0.299761 
0.462116 
0.334491 
-0.062403 
-0.576703 
-0.856256 
-0.657353 
0.073309 
0.958639 
1.457046 
1.089750 
-0.060001 
-1.401903 
-2.044691 
-1.497492 
0.056076 
1.693483 
2.422545 
1.716238 
-0.006549 
-1.737847 
-2.411213 
-1.691293 
-0.048700 
1.470185 
2.033392 
1.396636 
0.091314 
-1.084076 
-1.462229 
-0.988415 
-0.061046 
0.680602 
0.890437 
0.566322 
0.061296 
-0.326611 
-0.422485 
-0.314257 
-0.100204 
0.084090 
0.219176 
0.243321 
0.178036 
0.017025 
-0.133848 
-0.224435 
-0.182167 
-0.070256 
0.068454 
0.130019 
0.122586 
0.040858 
-0.026547 
-0.067500 
-0.039497 
-0.001059 
0.043271 
0.035229 
0.007983 
-0.048146 
-0.065600 
-0.051672 
0.025294 
0.098130 
0.148200 
0.100574 
-0.016003 
-0.185230 
-0.277980 
-0.230252 
0.013406 
0.312522 
0.497196 
0.368550 
-0.024278 
-0.488000 
-0.688455 
-0.493565 
0.033899 
0.557664 
0.790463 
0.556772 
0.010295 
-0.564443 
-0.800782 
-0.585216 
-0.025841 
0.499025 
0.702347 
0.467886 
0.018233 
-0.375252 
-0.473187 
-0.308912 
-0.007489 
0.214509 
0.289790 
0.194616 
0.041847 
-0.109017 
-0.160313 
-0.128308 
-0.013608 
0.083478 
0.134232 
0.088097 
0.011874 
-0.074820 
-0.104924 
-0.106387 
-0.055644 
-0.000914 
0.066282 
0.082141 
0.065916 
0.005628 
-0.024707 
-0.035417 
-0.005939 
0.004517 
0.019112 
0.010287 
0.010375 
-0.023550 
-0.051056 
-0.067240 
-0.003197 
0.090004 
0.167826 
0.119598 
-0.025730 
-0.215017 
-0.292557 
-0.212973 
0.038485 
0.311286 
0.470040 
0.350634 
-0.008512 
-0.457176 
-0.680514 
-0.516160 
0.013768 
0.570411 
0.823610 
0.571080 
-0.008675 
-0.587656 
-0.794560 
-0.555574 
-0.009750 
0.482447 
0.675544 
0.464150 
0.039164 
-0.359698 
-0.485615 
-0.337328 
-0.021379 
0.227033 
0.307679 
0.188012 
0.007735 
-0.139785 
-0.155076 
-0.089286 
0.024235 
0.091677 
0.117458 
0.064984 
-0.018129 
-0.124875 
-0.160500 
-0.115400 
0.021009 
0.133202 
0.177013 
0.108759 
0.015274 
-0.073345 
-0.094799 
-0.084810 
-0.022489 
0.040357 
0.100296 
0.078723 
-0.006628 
-0.142722 
-0.205637 
-0.153058 
0.050748 
0.285023 
0.434195 
0.324254 
-0.047009 
-0.560434 
-0.863263 
-0.679764 
0.063771 
0.973341 
1.477228 
1.092180 
-0.074399 
-1.411587 
-2.034816 
-1.476533 
0.067249 
1.685407 
2.408045 
1.716497 
0.012670 
-1.720240 
-2.417100 
-1.714359 
-0.059103 
1.487132 
2.054697 
1.390273 
0.060781 
-1.102003 
-1.447044 
-0.964721 
-0.064740 
0.652518 
0.874918 
0.579290 
0.069916 
-0.360845 
-0.481877 
-0.326101 
-0.009138 
0.247675 
0.346011 
0.223361 
-0.014634 
-0.261001 
-0.343273 
-0.240335 
0.006904 
0.210736 
0.281824 
0.179588 
0.028712 
-0.100247 
-0.127647 
-0.098992 
-0.015317 
0.056328 
0.112337 
0.083633 
-0.004283 
-0.138904 
-0.201776 
-0.152825 
0.047600 
0.282860 
0.435087 
0.324382 
-0.051925 
-0.568194 
-0.867812 
-0.680257 
0.061537 
0.966090 
1.469830 
1.090434 
-0.072689 
-1.413005 
-2.039850 
-1.478841 
0.070896 
1.690337 
2.409131 
1.715740 
0.015544 
-1.713241 
-2.410897 
-1.712008 
-0.057953 
1.490987 
2.060780 
1.394567 
0.061242 
-1.102914 
-1.446037 
-0.962674 
-0.066268 
0.645096 
0.866320 
0.578898 
0.084061 
-0.335841 
-0.462258 
-0.337318 
-0.072969 
0.136125 
0.236461 
0.196467 
0.097559 
-0.037939 
-0.126618 
-0.161234 
-0.095681 
0.005051 
0.108004 
0.121387 
0.069288 
-0.033728 
-0.085914 
-0.082171 
-0.006893 
0.053414 
0.085996 
0.045035 
-0.022183 
-0.121070 
-0.173772 
-0.150694 
0.023044 
0.266509 
0.451873 
0.357522 
-0.038416 
-0.583450 
-0.883405 
-0.666820 
0.097092 
0.988739 
1.459951 
1.069075 
-0.069517 
-1.380865 
-2.013820 
-1.489338 
0.039112 
1.680108 
2.434249 
1.740880 
0.002396 
-1.753817 
-2.431985 
-1.693194 
-0.033159 
1.479027 
2.018521 
1.369442 
0.078038 
-1.074855 
-1.450528 
-0.997390 
-0.087090 
0.663106 
0.895212 
0.576982 
0.054841 
-0.343542 
-0.414747 
-0.263937 
-0.045271 
0.073074 
0.114082 
0.108933 
0.133304 
0.130830 
0.085716 
-0.038988 
-0.146316 
-0.188592 
-0.107858 
0.007904 
0.103765 
0.096895 
0.042738 
-0.026267 
-0.028879 
-0.005256 
0.032071 
0.015357 
-0.014808 
-0.057553 
-0.055394 
-0.039696 
0.016511 
0.072292 
0.133059 
0.111166 
0.000920 
-0.190243 
-0.302689 
-0.243621 
0.029239 
0.337237 
0.499367 
0.348596 
-0.034169 
-0.467694 
-0.657804 
-0.485708 
0.017672 
0.549311 
0.810865 
0.587124 
0.018428 
-0.580264 
-0.811153 
-0.570983 
-0.003075 
0.502901 
0.685340 
0.453322 
0.022094 
-0.363269 
-0.472938 
-0.324180 
-0.024495 
0.207418 
0.289026 
0.189230 
0.030564 
-0.111621 
-0.137418 
-0.085826 
0.006797 
0.027418 
-0.010275 
-0.073794 
-0.041392 
0.066830 
0.192708 
0.189698 
0.066545 
-0.120571 
-0.216273 
-0.196970 
-0.067107 
0.053346 
0.125729 
0.098525 
0.040737 
-0.021807 
-0.020198 
-0.003120 
0.014942 
-0.025165 
-0.061161 
-0.068138 
0.012021 
0.104851 
0.164931 
0.104989 
-0.030953 
-0.203451 
-0.279750 
-0.215456 
0.025177 
0.305204 
0.478081 
0.360689 
-0.009891 
-0.467467 
-0.686469 
-0.511638 
0.021642 
0.572023 
0.818271 
0.565998 
-0.007507 
-0.581243 
-0.788967 
-0.555719 
-0.014431 
0.479843 
0.680093 
0.472643 
0.042517 
-0.365437 
-0.492901 
-0.335637 
-0.011796 
0.230784 
0.295828 
0.168955 
0.000825 
-0.124440 
-0.124995 
-0.060290 
0.035443 
0.062959 
0.026093 
-0.079495 
-0.142855 
-0.120809 
0.027425 
0.182897 
0.255934 
0.155554 
-0.022458 
-0.177374 
-0.183193 
-0.091509 
0.033556 
0.076604 
0.064871 
0.016245 
0.007069 
0.000276 
-0.003109 
-0.048727 
-0.074134 
-0.068150 
0.014192 
0.099125 
0.152798 
0.096021 
-0.031024 
-0.198671 
-0.278123 
-0.219445 
0.020828 
0.306936 
0.486388 
0.369809 
-0.005859 
-0.468313 
-0.685701 
-0.503453 
0.034723 
0.580456 
0.816711 
0.561395 
-0.003542 
-0.568321 
-0.780341 
-0.561279 
-0.026265 
0.478017 
0.690740 
0.480092 
0.033816 
-0.382356 
-0.499030 
-0.326141 
-0.002729 
0.223813 
0.278814 
0.161726 
0.009912 
-0.115756 
-0.134390 
-0.080194 
0.032284 
0.091438 
0.070730 
-0.047176 
-0.137239 
-0.139752 
-0.013713 
0.120503 
0.190740 
0.128560 
0.020583 
-0.080085 
-0.091168 
-0.058786 
0.002421 
0.021560 
0.027984 
0.008948 
0.014296 
0.005930 
-0.001230 
-0.045937 
-0.071724 
-0.072836 
0.002119 
0.089788 
0.154469 
0.102946 
-0.031868 
-0.209483 
-0.286471 
-0.215290 
0.030995 
0.309126 
0.478521 
0.364156 
0.000108 
-0.456565 
-0.680656 
-0.507823 
0.030382 
0.584807 
0.827143 
0.568046 
-0.005838 
-0.574444 
-0.781120 
-0.554222 
-0.019005 
0.476165 
0.680577 
0.473051 
0.038094 
-0.373749 
-0.500856 
-0.341308 
-0.016909 
0.224082 
0.289395 
0.170370 
0.017032 
-0.101085 
-0.122796 
-0.108567 
-0.057173 
-0.017380 
0.031588 
0.041695 
0.046360 
0.036528 
0.065966 
0.084576 
0.080745 
0.001443 
-0.080898 
-0.131240 
-0.085409 
-0.012684 
0.053682 
0.046309 
0.020499 
-0.010737 
0.005305 
0.011485 
0.004841 
-0.050034 
-0.077884 
-0.064667 
0.024989 
0.107130 
0.151216 
0.092063 
-0.024649 
-0.182262 
-0.266957 
-0.223250 
0.012941 
0.312201 
0.502967 
0.377757 
-0.016332 
-0.481877 
-0.683473 
-0.490572 
0.036200 
0.563530 
0.799669 
0.561474 
0.005486 
-0.571352 
-0.798847 
-0.576723 
-0.024944 
0.486284 
0.687902 
0.465806 
0.024998 
-0.376271 
-0.488998 
-0.327190 
-0.012963 
0.219917 
0.290509 
0.184592 
0.035732 
-0.095563 
-0.139488 
-0.137355 
-0.072495 
0.008957 
0.112963 
0.157148 
0.133193 
0.017842 
-0.089181 
-0.147157 
-0.101807 
-0.029048 
0.043020 
0.052810 
0.045577 
0.011608 
-0.003386 
-0.024947 
-0.007213 
0.022282 
0.073315 
0.065227 
0.000223 
-0.127279 
-0.199256 
-0.160319 
0.042657 
0.288863 
0.444747 
0.324789 
-0.061254 
-0.574528 
-0.862592 
-0.670140 
0.064341 
0.959486 
1.463120 
1.092223 
-0.063817 
-1.406146 
-2.042110 
-1.487406 
0.067128 
1.698469 
2.421499 
1.716948 
0.002993 
-1.722727 
-2.402281 
-1.694708 
-0.055581 
1.473643 
2.046932 
1.404142 
0.081477 
-1.101330 
-1.467519 
-0.979040 
-0.055912 
0.665984 
0.866066 
0.555348 
0.067744 
-0.325028 
-0.442317 
-0.336859 
-0.090736 
0.125633 
0.241490 
0.194027 
0.069480 
-0.070309 
-0.121020 
-0.106487 
-0.032215 
0.022899 
0.066732 
0.062007 
0.047441 
-0.000069 
-0.030506 
-0.055206 
-0.028146 
0.006083 
0.047555 
0.033983 
-0.000296 
-0.056457 
-0.064999 
-0.044652 
0.025879 
0.086564 
0.135790 
0.101580 
-0.004779 
-0.181825 
-0.290715 
-0.244665 
0.015956 
0.328547 
0.504490 
0.356791 
-0.038048 
-0.482359 
-0.667907 
-0.482839 
0.024418 
0.546426 
0.798549 
0.578557 
0.022141 
-0.571287 
-0.809737 
-0.578630 
-0.008087 
0.509602 
0.697817 
0.458594 
0.017939 
-0.365377 
-0.464282 
-0.311274 
-0.019069 
0.206297 
0.292997 
0.200013 
0.031343 
-0.137086 
-0.180329 
-0.111067 
0.039264 
0.135567 
0.144541 
0.039290 
-0.086361 
-0.191696 
-0.189141 
-0.099990 
0.063146 
0.178863 
0.205934 
0.109414 
-0.005552 
-0.089423 
-0.081333 
-0.047404 
-0.000074 
0.011459 
0.029191 
0.022746 
0.012012 
-0.040631 
-0.073900 
-0.075417 
0.005274 
0.096347 
0.158036 
0.103207 
-0.029258 
-0.203120 
-0.282326 
-0.216733 
0.029796 
0.314114 
0.484879 
0.362671 
-0.007634 
-0.459024 
-0.674188 
-0.503914 
0.021925 
0.572030 
0.825078 
0.575614 
-0.005328 
-0.588152 
-0.794901 
-0.553345 
-0.010467 
0.474128 
0.666058 
0.463140 
0.043122 
-0.364857 
-0.503092 
-0.351948 
-0.021369 
0.230694 
0.297956 
0.173886 
0.020094 
-0.093745 
-0.120728 
-0.130005 
-0.104612 
-0.058085 
0.054616 
0.163039 
0.226074 
0.157676 
0.010790 
-0.158360 
-0.218061 
-0.165680 
-0.020559 
0.086548 
0.121590 
0.059066 
-0.005468 
-0.046794 
-0.020234 
0.009953 
0.038830 
0.018731 
-0.004729 
-0.042284 
-0.044749 
-0.037508 
0.016726 
0.078352 
0.145276 
0.122812 
0.005136 
-0.193811 
-0.306811 
-0.240669 
0.037291 
0.339061 
0.488295 
0.333318 
-0.039427 
-0.462815 
-0.658314 
-0.501621 
-0.003201 
0.540986 
0.815781 
0.588275 
0.004619 
-0.599113 
-0.817524 
-0.562933 
0.003985 
0.496884 
0.672666 
0.449909 
0.033049 
-0.349749 
-0.470759 
-0.331922 
-0.026509 
0.221425 
0.308228 
0.190346 
0.004420 
-0.144983 
-0.143276 
-0.043736 
0.087441 
0.111327 
0.026897 
-0.130062 
-0.200135 
-0.133304 
0.065672 
0.224805 
0.250042 
0.099809 
-0.080762 
-0.193790 
-0.159484 
-0.063405 
0.042184 
0.074701 
0.070484 
0.027054 
0.006192 
-0.014219 
-0.010028 
-0.031173 
-0.045028 
-0.056124 
0.002297 
0.088340 
0.167020 
0.125480 
-0.017226 
-0.211316 
-0.293763 
-0.212220 
0.044894 
0.318689 
0.472140 
0.348306 
-0.008636 
-0.452157 
-0.675287 
-0.516560 
0.009351 
0.568865 
0.827323 
0.574459 
-0.011233 
-0.593586 
-0.796574 
-0.551997 
-0.007038 
0.478838 
0.669167 
0.462908 
0.044121 
-0.356246 
-0.489600 
-0.344650 
-0.024195 
0.228695 
0.307975 
0.190221 
0.027330 
-0.098288 
-0.123265 
-0.122462 
-0.100164 
-0.075226 
0.019852 
0.140015 
0.242812 
0.213912 
0.075496 
-0.127445 
-0.248718 
-0.251913 
-0.120324 
0.028605 
0.135820 
0.127548 
0.067011 
-0.010705 
-0.022955 
-0.006117 
0.031513 
0.021247 
-0.003532 
-0.047709 
-0.050566 
-0.035606 
0.024969 
0.082231 
0.136817 
0.107721 
-0.001803 
-0.186792 
-0.298689 
-0.247952 
0.017923 
0.329311 
0.499188 
0.347782 
-0.044292 
-0.482492 
-0.665489 
-0.484787 
0.016090 
0.538533 
0.799254 
0.585693 
0.024148 
-0.579689 
-0.818366 
-0.575119 
0.003362 
0.512683 
0.687758 
0.450180 
0.024241 
-0.352789 
-0.463511 
-0.323761 
-0.028132 
0.210555 
0.301083 
0.201678 
0.034613 
-0.119908 
-0.162315 
-0.129288 
-0.034731 
0.039714 
0.099259 
0.098574 
0.065007 
-0.026514 
-0.106735 
-0.153725 
-0.099544 
0.002450 
0.118497 
0.149694 
0.110057 
0.002748 
-0.075061 
-0.106113 
-0.051695 
0.013176 
0.063763 
0.038464 
-0.008250 
-0.062561 
-0.061045 
-0.038862 
0.021767 
0.075289 
0.131970 
0.111056 
0.005527 
-0.184635 
-0.301678 
-0.246027 
0.029334 
0.341052 
0.501778 
0.346569 
-0.037069 
-0.467561 
-0.656431 
-0.486823 
0.014688 
0.547733 
0.810912 
0.586319 
0.016513 
-0.581070 
-0.810550 
-0.571133 
-0.004273 
0.503144 
0.687674 
0.454814 
0.021172 
-0.363691 
-0.470238 
-0.320680 
-0.023209 
0.208807 
0.293701 
0.191289 
0.017000 
-0.144613 
-0.172285 
-0.089640 
0.063502 
0.148306 
0.131298 
-0.005427 
-0.145961 
-0.229148 
-0.173815 
-0.037147 
0.134947 
0.222771 
0.214808 
0.097386 
-0.029522 
-0.127404 
-0.127304 
-0.077160 
0.008028 
0.048575 
0.059562 
0.019860 
-0.013524 
-0.054727 
-0.058646 
-0.048462 
0.013768 
0.080803 
0.143633 
0.113839 
-0.001443 
-0.188267 
-0.294886 
-0.236929 
0.030881 
0.337354 
0.501652 
0.351407 
-0.033801 
-0.469065 
-0.658691 
-0.486739 
0.014161 
0.543573 
0.805864 
0.584202 
0.015122 
-0.586917 
-0.820166 
-0.577863 
-0.005261 
0.502138 
0.680453 
0.444337 
0.016186 
-0.360787 
-0.467052 
-0.324312 
-0.029925 
0.209000 
0.303049 
0.199708 
0.014271 
-0.154086 
-0.170779 
-0.064334 
0.103443 
0.173898 
0.116176 
-0.059228 
-0.200848 
-0.234133 
-0.104574 
0.076455 
0.221613 
0.220132 
0.118565 
-0.034227 
-0.121005 
-0.140246 
-0.077361 
-0.008630 
0.060164 
0.075831 
0.071493 
0.023207 
-0.031180 
-0.119584 
-0.175619 
-0.161320 
0.012775 
0.266590 
0.457970 
0.355698 
-0.052262 
-0.596451 
-0.882550 
-0.657355 
0.098184 
0.976308 
1.448455 
1.072911 
-0.056122 
-1.376141 
-2.023289 
-1.498065 
0.045924 
1.696551 
2.441688 
1.733645 
-0.004412 
-1.745499 
-2.414993 
-1.686139 
-0.040598 
1.472700 
2.026316 
1.383173 
0.080733 
-1.084364 
-1.457041 
-0.992293 
-0.079671 
0.661497 
0.887544 
0.571981 
0.049065 
-0.361549 
-0.441145 
-0.272087 
-0.010840 
0.140026 
0.166038 
0.093103 
0.033772 
-0.011150 
-0.019430 
-0.041181 
-0.041452 
-0.040230 
-0.001023 
0.026104 
0.047067 
0.015383 
-0.017484 
-0.045908 
-0.014999 
0.020946 
0.050388 
0.018914 
-0.018147 
-0.056850 
-0.049069 
-0.034547 
0.016673 
0.072067 
0.138155 
0.119685 
0.005734 
-0.191656 
-0.304768 
-0.240398 
0.035803 
0.339787 
0.495360 
0.344075 
-0.032944 
-0.463182 
-0.657646 
-0.491528 
0.012651 
0.550221 
0.813889 
0.585791 
0.013388 
-0.582969 
-0.809680 
-0.569645 
-0.004616 
0.501152 
0.685782 
0.453881 
0.020923 
-0.363634 
-0.470666 
-0.323440 
-0.029599 
0.200878 
0.290443 
0.200931 
0.045440 
-0.102191 
-0.141981 
-0.117208 
-0.056843 
-0.039763 
-0.018387 
0.019959 
0.116525 
0.180818 
0.173039 
0.047080 
-0.096392 
-0.197002 
-0.175477 
-0.091845 
0.020753 
0.075432 
0.091220 
0.053916 
0.026194 
-0.004238 
-0.000532 
-0.006698 
-0.004458 
-0.032618 
-0.046109 
-0.051804 
0.005252 
0.081753 
0.155739 
0.122159 
-0.010997 
-0.208651 
-0.303537 
-0.225186 
0.043311 
0.327084 
0.474946 
0.338394 
-0.019645 
-0.450704 
-0.665078 
-0.512741 
0.001767 
0.561328 
0.831007 
0.585073 
-0.006472 
-0.598212 
-0.801198 
-0.548094 
0.002043 
0.483668 
0.666969 
0.459851 
0.046122 
-0.350549 
-0.485630 
-0.344807 
-0.026014 
0.228874 
0.310952 
0.192212 
0.021592 
-0.114801 
-0.141259 
-0.120634 
-0.061518 
-0.008471 
0.075284 
0.134388 
0.149373 
0.053788 
-0.081542 
-0.192895 
-0.167725 
-0.047432 
0.109851 
0.170351 
0.131285 
0.004938 
-0.090105 
-0.121319 
-0.049269 
0.039965 
0.105311 
0.069386 
-0.021026 
-0.140261 
-0.185940 
-0.140244 
0.040920 
0.267679 
0.435290 
0.345279 
-0.030763 
-0.566135 
-0.878006 
-0.679044 
0.083180 
0.990170 
1.474468 
1.078597 
-0.076995 
-1.396984 
-2.019741 
-1.478408 
0.052675 
1.677854 
2.416578 
1.728015 
0.009910 
-1.735764 
-2.428007 
-1.711164 
-0.051840 
1.484010 
2.041541 
1.379798 
0.060322 
-1.098018 
-1.447145 
-0.970089 
-0.071563 
0.645685 
0.867044 
0.573066 
0.075866 
-0.326926 
-0.412133 
-0.246731 
0.001393 
0.094800 
0.023031 
-0.100493 
-0.054245 
0.157752 
0.385621 
0.367512 
0.091808 
-0.276916 
-0.441201 
-0.335788 
-0.058509 
0.142213 
0.188506 
0.097309 
0.021566 
-0.002766 
0.034782 
0.032943 
-0.017185 
-0.125469 
-0.182110 
-0.141062 
0.051057 
0.285609 
0.441866 
0.333960 
-0.042443 
-0.560614 
-0.863242 
-0.677980 
0.065108 
0.973115 
1.475911 
1.088794 
-0.080950 
-1.418521 
-2.037937 
-1.477514 
0.061526 
1.673330 
2.397742 
1.715069 
0.015028 
-1.724906 
-2.429177 
-1.722119 
-0.055190 
1.494828 
2.054136 
1.382483 
0.058290 
-1.092964 
-1.434854 
-0.960036 
-0.066129 
0.654581 
0.882437 
0.582747 
0.063025 
-0.366238 
-0.462094 
-0.272244 
0.050290 
0.255817 
0.263407 
0.078205 
-0.124281 
-0.235394 
-0.172065 
-0.029275 
0.111993 
0.140290 
0.092792 
-0.001295 
-0.049074 
-0.066339 
-0.037621 
-0.016266 
0.026123 
0.055433 
0.087175 
0.056677 
-0.017057 
-0.134156 
-0.187887 
-0.142147 
0.048279 
0.277124 
0.433113 
0.332471 
-0.039279 
-0.563442 
-0.875140 
-0.688170 
0.067024 
0.981859 
1.477192 
1.079670 
-0.087123 
-1.410446 
-2.022516 
-1.470740 
0.056604 
1.670897 
2.409498 
1.733633 
0.023626 
-1.729545 
-2.432498 
-1.712316 
-0.039992 
1.498908 
2.044847 
1.374375 
0.061636 
-1.086129 
-1.438315 
-0.974219 
-0.079653 
0.647776 
0.877402 
0.575926 
0.061319 
-0.354837 
-0.444164 
-0.270997 
0.010095 
0.169599 
0.161970 
0.022142 
-0.079610 
-0.087491 
0.011096 
0.091237 
0.114304 
0.051435 
-0.006742 
-0.047155 
-0.037367 
-0.036764 
-0.023357 
-0.018566 
0.017049 
0.031926 
0.035291 
-0.004418 
-0.028717 
-0.052781 
-0.046853 
-0.046297 
-0.000896 
0.065782 
0.146033 
0.126493 
-0.001135 
-0.204911 
-0.307099 
-0.228107 
0.047886 
0.338728 
0.487359 
0.344940 
-0.019798 
-0.450453 
-0.656105 
-0.496705 
0.012241 
0.557636 
0.821885 
0.587205 
0.008248 
-0.589411 
-0.812199 
-0.567357 
-0.002910 
0.495017 
0.672324 
0.443602 
0.021551 
-0.359393 
-0.476604 
-0.339302 
-0.038776 
0.208752 
0.302646 
0.195094 
0.016003 
-0.137310 
-0.157037 
-0.093280 
0.013164 
0.063112 
0.071927 
0.030699 
0.005414 
-0.021350 
-0.018533 
-0.024864 
-0.008018 
-0.002027 
0.018817 
0.011622 
0.008229 
-0.014183 
-0.009688 
-0.006715 
0.023646 
0.040483 
0.065854 
0.047767 
-0.000540 
-0.106338 
-0.179953 
-0.164991 
0.021673 
0.280115 
0.460643 
0.344345 
-0.065734 
-0.600379 
-0.879175 
-0.659418 
0.083058 
0.955265 
1.435519 
1.072136 
-0.055973 
-1.387525 
-2.043228 
-1.510822 
0.049080 
1.705811 
2.441121 
1.722070 
-0.011348 
-1.735382 
-2.395206 
-1.675031 
-0.043906 
1.469588 
2.039270 
1.407758 
0.097053 
-1.085869 
-1.463020 
-0.984547 
-0.060082 
0.672938 
0.879712 
0.558932 
0.053095 
-0.340128 
-0.429776 
-0.297586 
-0.066481 
0.095758 
0.173834 
0.151495 
0.091772 
-0.014417 
-0.097592 
-0.139081 
-0.078357 
0.015029 
0.095620 
0.081446 
0.029605 
-0.030973 
-0.033931 
-0.027497 
-0.003164 
0.004877 
0.036104 
0.040866 
0.024432 
-0.041933 
-0.075945 
-0.061621 
0.030880 
0.112278 
0.153085 
0.091489 
-0.026697 
-0.186066 
-0.272064 
-0.228621 
0.006537 
0.303181 
0.492566 
0.369262 
-0.022559 
-0.489025 
-0.692696 
-0.498376 
0.032869 
0.562736 
0.797933 
0.559460 
0.006772 
-0.565955 
-0.792224 
-0.570856 
-0.018508 
0.495054 
0.698370 
0.476039 
0.034067 
-0.368053 
-0.480894 
-0.318278 
-0.002757 
0.229789 
0.295101 
0.176510 
0.009414 
-0.134384 
-0.163628 
-0.104283 
0.039783 
0.156885 
0.186401 
0.051376 
-0.153333 
-0.317662 
-0.288483 
-0.100072 
0.157080 
0.299043 
0.287432 
0.130295 
-0.035280 
-0.152569 
-0.156561 
-0.102606 
-0.006183 
0.051175 
0.073830 
0.031183 
-0.013792 
-0.059462 
-0.055880 
-0.038501 
0.019661 
0.077991 
0.141381 
0.121215 
0.010306 
-0.184260 
-0.299571 
-0.238624 
0.039008 
0.346926 
0.501387 
0.343842 
-0.036053 
-0.462011 
-0.652861 
-0.491561 
0.004300 
0.541002 
0.811533 
0.586578 
0.007360 
-0.597055 
-0.821872 
-0.572852 
-0.004744 
0.493926 
0.672049 
0.444518 
0.021745 
-0.359965 
-0.473917 
-0.331799 
-0.032190 
0.209207 
0.303165 
0.209260 
0.046801 
-0.108866 
-0.161696 
-0.147234 
-0.067871 
0.016249 
0.123447 
0.187492 
0.182118 
0.040176 
-0.148586 
-0.281594 
-0.218848 
-0.021780 
0.191389 
0.242113 
0.144441 
-0.028588 
-0.118829 
-0.115386 
-0.032224 
0.023222 
0.046450 
0.015400 
-0.008545 
-0.043454 
-0.052626 
-0.056894 
-0.002210 
0.075123 
0.154467 
0.125527 
-0.006574 
-0.204647 
-0.299705 
-0.221693 
0.047441 
0.334890 
0.486845 
0.348710 
-0.016380 
-0.450790 
-0.659085 
-0.499395 
0.011436 
0.558306 
0.821976 
0.584393 
0.002878 
-0.593531 
-0.812361 
-0.566422 
-0.005882 
0.488552 
0.668163 
0.444452 
0.023064 
-0.361674 
-0.480382 
-0.339568 
-0.036114 
0.208467 
0.296169 
0.186546 
0.015557 
-0.116934 
-0.109801 
-0.038311 
0.022989 
-0.026226 
-0.105387 
-0.124876 
0.017546 
0.212701 
0.324127 
0.211707 
-0.029338 
-0.252621 
-0.284860 
-0.166909 
0.010798 
0.097091 
0.100618 
0.045213 
0.027467 
0.028277 
0.049809 
0.023284 
-0.028121 
-0.116850 
-0.163686 
-0.140691 
0.026046 
0.262344 
0.448188 
0.359160 
-0.036484 
-0.588040 
-0.892212 
-0.672117 
0.096093 
0.984927 
1.450233 
1.059604 
-0.073348 
-1.383113 
-2.020975 
-1.499133 
0.034449 
1.681152 
2.433120 
1.734107 
-0.002743 
-1.750407 
-2.424943 
-1.692345 
-0.037817 
1.479782 
2.029153 
1.380123 
0.078634 
-1.079300 
-1.446662 
-0.983439 
-0.076013 
0.662421 
0.890015 
0.576511 
0.051769 
-0.363028 
-0.440341 
-0.255684 
0.025481 
0.176196 
0.166028 
0.038206 
-0.051781 
-0.073841 
-0.019268 
0.018468 
0.038813 
0.015817 
0.003784 
-0.018756 
-0.015994 
-0.019740 
0.000947 
0.003516 
0.012853 
0.000487 
0.011684 
0.012503 
0.016064 
-0.025346 
-0.058045 
-0.066936 
0.009096 
0.104068 
0.171777 
0.115236 
-0.025832 
-0.204353 
-0.279108 
-0.208538 
0.033518 
0.307766 
0.475356 
0.359332 
-0.006970 
-0.464732 
-0.688825 
-0.517751 
0.016722 
0.569819 
0.815587 
0.560181 
-0.014917 
-0.587171 
-0.793040 
-0.559875 
-0.019282 
0.475908 
0.678016 
0.471247 
0.041040 
-0.365415 
-0.489996 
-0.331432 
-0.008084 
0.236559 
0.307794 
0.183439 
0.003432 
-0.147183 
-0.168520 
-0.095248 
0.053242 
0.168688 
0.213300 
0.115200 
-0.068779 
-0.275412 
-0.345040 
-0.242378 
0.010587 
0.230675 
0.317023 
0.215297 
0.049063 
-0.097871 
-0.131571 
-0.097256 
-0.009144 
0.056508 
0.104146 
0.079391 
0.006225 
-0.122535 
-0.199757 
-0.169192 
0.033004 
0.288013 
0.450203 
0.324567 
-0.071956 
-0.586305 
-0.864873 
-0.666017 
0.062598 
0.948044 
1.452298 
1.091971 
-0.058088 
-1.406909 
-2.051589 
-1.494266 
0.071214 
1.706616 
2.421922 
1.710475 
0.001507 
-1.714474 
-2.393724 
-1.694784 
-0.059200 
1.477103 
2.056740 
1.409556 
0.078957 
-1.102570 
-1.460375 
-0.969831 
-0.054106 
0.662281 
0.864491 
0.553595 
0.057552 
-0.335993 
-0.428240 
-0.286931 
-0.037817 
0.127322 
0.174334 
0.104385 
0.028342 
-0.033738 
-0.043919 
-0.053962 
-0.039100 
-0.025873 
0.019141 
0.043068 
0.054270 
0.017204 
-0.008685 
-0.026176 
0.002656 
0.021419 
0.037351 
0.012071 
-0.008057 
-0.041883 
-0.047596 
-0.047132 
0.006371 
0.074158 
0.143829 
0.115037 
-0.009033 
-0.203934 
-0.307493 
-0.240300 
0.029312 
0.327473 
0.485460 
0.340388 
-0.034564 
-0.467206 
-0.663095 
-0.495307 
0.010893 
0.549369 
0.814553 
0.588703 
0.016290 
-0.582792 
-0.810137 
-0.565445 
0.004565 
0.508266 
0.685498 
0.451130 
0.025122 
-0.352311 
-0.462920 
-0.325844 
-0.033676 
0.207332 
0.302513 
0.196112 
0.010284 
-0.146983 
-0.149231 
-0.052050 
0.065149 
0.068213 
-0.011744 
-0.115353 
-0.111240 
-0.018651 
0.114604 
0.155158 
0.105385 
-0.010444 
-0.076728 
-0.093422 
-0.054605 
-0.032022 
-0.001141 
0.016761 
0.055225 
0.064762 
0.066122 
0.026282 
-0.021123 
-0.106576 
-0.163265 
-0.150340 
0.022263 
0.272537 
0.459562 
0.356835 
-0.047654 
-0.591763 
-0.885288 
-0.667705 
0.089305 
0.974498 
1.446843 
1.061810 
-0.074266 
-1.389293 
-2.026891 
-1.501444 
0.033510 
1.679707 
2.432465 
1.734603 
-0.003156 
-1.751668 
-2.423348 
-1.686387 
-0.031917 
1.481080 
2.028421 
1.384073 
0.088317 
-1.070901 
-1.445438 
-0.985744 
-0.073195 
0.671776 
0.896837 
0.572952 
0.043315 
-0.362042 
-0.423509 
-0.232496 
0.038691 
0.166799 
0.124962 
-0.037376 
-0.139354 
-0.113185 
0.053612 
0.202189 
0.236214 
0.096721 
-0.085028 
-0.206238 
-0.173195 
-0.070791 
0.034746 
0.056950 
0.052437 
0.038057 
0.057223 
0.037755 
-0.023599 
-0.139290 
-0.197861 
-0.151511 
0.049015 
0.288269 
0.442822 
0.330315 
-0.047409 
-0.560657 
-0.855872 
-0.667918 
0.070779 
0.973597 
1.478346 
1.099630 
-0.064750 
-1.406837 
-2.035576 
-1.477525 
0.069797 
1.690002 
2.410311 
1.713611 
0.006483 
-1.724163 
-2.415768 
-1.712602 
-0.064467 
1.475778 
2.047773 
1.393059 
0.064289 
-1.108684 
-1.459512 
-0.968721 
-0.058622 
0.652996 
0.860543 
0.567128 
0.088333 
-0.305704 
-0.419844 
-0.307912 
-0.081050 
0.073263 
0.127027 
0.100008 
0.111981 
0.146468 
0.165747 
0.066423 
-0.094069 
-0.237474 
-0.234063 
-0.122956 
0.032767 
0.103390 
0.099549 
0.036641 
0.006857 
-0.004864 
0.012049 
-0.001459 
-0.013821 
-0.041847 
-0.039034 
-0.032638 
0.017366 
0.077693 
0.147953 
0.128082 
0.008308 
-0.193648 
-0.305314 
-0.235416 
0.042742 
0.340758 
0.488001 
0.335478 
-0.034740 
-0.459837 
-0.658941 
-0.502743 
-0.001762 
0.543429 
0.815822 
0.585968 
0.003121 
-0.598535 
-0.817130 
-0.564600 
0.001697 
0.496215 
0.673136 
0.449426 
0.031486 
-0.350410 
-0.469642 
-0.330470 
-0.026091 
0.221158 
0.307719 
0.188774 
0.002157 
-0.143385 
-0.132284 
-0.025964 
0.097074 
0.096981 
-0.007510 
-0.154442 
-0.182115 
-0.075143 
0.117430 
0.215754 
0.170047 
-0.000773 
-0.129109 
-0.153397 
-0.059051 
0.026508 
0.064687 
0.030143 
0.011799 
0.008775 
0.033478 
0.015656 
-0.015481 
-0.060775 
-0.056929 
-0.034960 
0.024400 
0.075439 
0.129168 
0.106379 
0.001049 
-0.187429 
-0.303566 
-0.249676 
0.022744 
0.334295 
0.498553 
0.346132 
-0.039313 
-0.473257 
-0.661345 
-0.486866 
0.017412 
0.548198 
0.808606 
0.585492 
0.019570 
-0.576564 
-0.807701 
-0.569817 
-0.002604 
0.505976 
0.691375 
0.458775 
0.024036 
-0.363260 
-0.471026 
-0.319278 
-0.018689 
0.212700 
0.293280 
0.187399 
0.011413 
-0.154132 
-0.185930 
-0.094502 
0.087439 
0.201005 
0.175631 
-0.018713 
-0.226654 
-0.324881 
-0.209054 
0.019049 
0.238674 
0.292015 
0.197751 
0.011085 
-0.119408 
-0.162555 
-0.098415 
-0.018871 
0.057453 
0.079862 
0.085889 
0.043526 
-0.019062 
-0.121819 
-0.179934 
-0.153781 
0.026531 
0.269065 
0.446634 
0.347779 
-0.045680 
-0.587823 
-0.889460 
-0.675738 
0.088495 
0.981882 
1.452841 
1.061282 
-0.075002 
-1.382670 
-2.015269 
-1.493321 
0.035760 
1.682826 
2.442143 
1.746837 
0.003279 
-1.751762 
-2.421908 
-1.678559 
-0.023856 
1.480847 
2.021802 
1.380882 
0.091623 
-1.069520 
-1.453392 
-0.998727 
-0.082207 
0.667606 
0.892346 
0.570156 
0.052109 
-0.342780 
-0.420353 
-0.281071 
-0.065087 
0.063770 
0.113956 
0.097541 
0.091857 
0.071868 
0.058767 
0.016100 
-0.013679 
-0.055709 
-0.072617 
-0.086320 
-0.049494 
-0.002717 
0.050247 
0.044806 
0.028291 
0.013251 
0.048048 
0.053002 
0.002754 
-0.125883 
-0.205570 
-0.165564 
0.045633 
0.294804 
0.445423 
0.320934 
-0.063095 
-0.572309 
-0.859923 
-0.669348 
0.064697 
0.960489 
1.463626 
1.091976 
-0.062946 
-1.403594 
-2.040429 
-1.488662 
0.064814 
1.698590 
2.424295 
1.718914 
0.001347 
-1.726427 
-2.403769 
-1.692097 
-0.052089 
1.473138 
2.042261 
1.401033 
0.084565 
-1.095350 
-1.466305 
-0.983676 
-0.057701 
0.674255 
0.877631 
0.553271 
0.043391 
-0.358804 
-0.457328 
-0.308577 
-0.014826 
0.226262 
0.319227 
0.192615 
-0.043299 
-0.268222 
-0.315206 
-0.190317 
0.047651 
0.222914 
0.269877 
0.156551 
0.003284 
-0.117341 
-0.119748 
-0.062938 
0.018452 
0.042823 
0.043821 
0.015157 
0.003609 
-0.030747 
-0.052924 
-0.065817 
-0.003856 
0.085542 
0.163384 
0.119195 
-0.023467 
-0.215228 
-0.297252 
-0.217964 
0.038427 
0.315441 
0.472324 
0.347641 
-0.012564 
-0.455844 
-0.674026 
-0.511391 
0.012643 
0.567635 
0.825910 
0.578451 
-0.002790 
-0.587535 
-0.796922 
-0.554281 
-0.003719 
0.488066 
0.675824 
0.460454 
0.037561 
-0.355999 
-0.480759 
-0.338160 
-0.029018 
0.218497 
0.304014 
0.190303 
0.017134 
-0.118622 
-0.125153 
-0.077593 
-0.025860 
-0.038084 
-0.040483 
-0.008640 
0.090014 
0.155849 
0.153077 
0.042239 
-0.081102 
-0.168312 
-0.143848 
-0.063731 
0.038218 
0.070145 
0.058157 
0.010810 
0.005099 
0.011544 
0.032017 
0.008895 
-0.015815 
-0.048729 
-0.042296 
-0.030928 
0.018820 
0.074208 
0.140610 
0.121913 
0.006266 
-0.193916 
-0.308411 
-0.242578 
0.035280 
0.337544 
0.489075 
0.336109 
-0.038496 
-0.465855 
-0.660904 
-0.498092 
0.004156 
0.543771 
0.811792 
0.585900 
0.011015 
-0.589212 
-0.814794 
-0.567843 
0.002036 
0.504072 
0.681845 
0.451155 
0.027707 
-0.351714 
-0.465531 
-0.327758 
-0.033148 
0.206466 
0.301503 
0.211108 
0.057286 
-0.085580 
-0.134959 
-0.147167 
-0.130429 
-0.115357 
-0.025549 
0.118235 
0.273547 
0.285042 
0.134904 
-0.118030 
-0.270902 
-0.256379 
-0.090422 
0.057518 
0.124624 
0.083240 
0.030041 
-0.019462 
-0.023029 
-0.022945 
0.004539 
0.012697 
0.015377 
-0.027080 
-0.057061 
-0.063990 
0.008554 
0.098580 
0.167770 
0.118559 
-0.019074 
-0.203116 
-0.284446 
-0.211459 
0.039299 
0.316461 
0.477142 
0.354272 
-0.009270 
-0.458841 
-0.680719 
-0.516134 
0.011869 
0.566304 
0.818589 
0.566272 
-0.013203 
-0.592537 
-0.800053 
-0.560935 
-0.014228 
0.478299 
0.670966 
0.460436 
0.038438 
-0.358537 
-0.486608 
-0.341528 
-0.024757 
0.227479 
0.310919 
0.197287 
0.035002 
-0.091998 
-0.119108 
-0.123623 
-0.110372 
-0.090892 
0.012530 
0.155039 
0.278996 
0.251248 
0.090709 
-0.140158 
-0.274234 
-0.272095 
-0.131552 
0.019042 
0.126097 
0.124667 
0.072400 
-0.008385 
-0.031074 
-0.009590 
0.056434 
0.067613 
0.011897 
-0.117729 
-0.194464 
-0.155382 
0.051181 
0.298281 
0.450711 
0.327411 
-0.057966 
-0.568330 
-0.856177 
-0.668077 
0.061235 
0.955623 
1.462836 
1.093468 
-0.067773 
-1.417328 
-2.053429 
-1.491622 
0.066288 
1.690607 
2.405383 
1.704296 
0.002096 
-1.720148 
-2.409468 
-1.709180 
-0.061332 
1.482428 
2.056280 
1.400859 
0.073546 
-1.096258 
-1.448901 
-0.964379 
-0.053716 
0.669391 
0.883717 
0.574117 
0.060735 
-0.360969 
-0.472750 
-0.316900 
-0.001390 
0.263077 
0.369888 
0.234401 
-0.043156 
-0.328119 
-0.410477 
-0.261335 
0.044506 
0.273290 
0.319062 
0.168004 
-0.010798 
-0.125610 
-0.116839 
-0.069928 
-0.006503 
0.023882 
0.055658 
0.045578 
0.015374 
-0.051045 
-0.075848 
-0.057857 
0.027979 
0.103880 
0.150712 
0.099592 
-0.018421 
-0.187881 
-0.278294 
-0.225417 
0.020128 
0.312785 
0.489610 
0.364187 
-0.015747 
-0.474196 
-0.686424 
-0.505403 
0.026732 
0.569423 
0.809255 
0.559162 
-0.005472 
-0.574156 
-0.787653 
-0.564656 
-0.024970 
0.479614 
0.690082 
0.479902 
0.037289 
-0.376558 
-0.494495 
-0.323750 
-0.000920 
0.225998 
0.283671 
0.177204 
0.043887 
-0.073079 
-0.119992 
-0.137295 
-0.100668 
-0.053120 
0.023231 
0.081209 
0.143666 
0.158757 
0.128901 
0.007795 
-0.128674 
-0.224459 
-0.181147 
-0.056730 
0.081268 
0.112416 
0.070041 
-0.006752 
-0.021406 
-0.008091 
0.021756 
0.005396 
-0.013643 
-0.043090 
-0.038629 
-0.032472 
0.016080 
0.076898 
0.149108 
0.129998 
0.009910 
-0.191367 
-0.301782 
-0.232492 
0.043578 
0.341510 
0.491486 
0.340291 
-0.033124 
-0.462398 
-0.661025 
-0.500706 
0.001167 
0.541372 
0.808882 
0.580453 
0.002654 
-0.598202 
-0.822040 
-0.573910 
-0.005258 
0.495091 
0.673446 
0.445240 
0.023756 
-0.355123 
-0.468405 
-0.327978 
-0.027291 
0.219561 
0.314063 
0.204093 
0.013631 
-0.154112 
-0.170847 
-0.069773 
0.096535 
0.182167 
0.148813 
-0.021656 
-0.194604 
-0.272319 
-0.155700 
0.059481 
0.250091 
0.254610 
0.110372 
-0.088862 
-0.173542 
-0.138522 
-0.019631 
0.053597 
0.072686 
0.032082 
0.013063 
-0.001343 
0.000182 
-0.036798 
-0.063432 
-0.068246 
0.007615 
0.099294 
0.164349 
0.108232 
-0.030483 
-0.207373 
-0.282131 
-0.212041 
0.030300 
0.305811 
0.475306 
0.361225 
-0.004141 
-0.462522 
-0.687415 
-0.515068 
0.022588 
0.577395 
0.820935 
0.561877 
-0.013312 
-0.581548 
-0.784987 
-0.555708 
-0.021784 
0.472083 
0.679660 
0.476633 
0.041180 
-0.374277 
-0.499728 
-0.332158 
-0.002568 
0.234471 
0.289688 
0.156701 
-0.015197 
-0.141687 
-0.126362 
-0.015990 
0.132452 
0.162075 
0.040102 
-0.195527 
-0.329134 
-0.244066 
0.062345 
0.345412 
0.415810 
0.199435 
-0.098643 
-0.285014 
-0.236221 
-0.077111 
0.069544 
0.093085 
0.061187 
0.013141 
0.012399 
0.004212 
-0.006999 
-0.052227 
-0.067497 
-0.055130 
0.021854 
0.098249 
0.151931 
0.102346 
-0.020957 
-0.192668 
-0.277911 
-0.220372 
0.022513 
0.310390 
0.488568 
0.368583 
-0.010450 
-0.473797 
-0.688945 
-0.504554 
0.031519 
0.572115 
0.806491 
0.555292 
-0.005091 
-0.571307 
-0.788617 
-0.570726 
-0.030310 
0.479378 
0.691243 
0.476150 
0.029369 
-0.381600 
-0.493511 
-0.321460 
-0.001485 
0.225599 
0.285660 
0.171588 
0.015570 
-0.119346 
-0.145580 
-0.090637 
0.036333 
0.122969 
0.126518 
0.002034 
-0.136359 
-0.198607 
-0.091369 
0.084557 
0.216027 
0.172625 
0.023982 
-0.132847 
-0.161196 
-0.097268 
0.010357 
0.057290 
0.070206 
0.052355 
0.059098 
0.038666 
-0.008644 
-0.113428 
-0.181186 
-0.156501 
0.034883 
0.288455 
0.461728 
0.345917 
-0.056433 
-0.586588 
-0.870119 
-0.657594 
0.084809 
0.962900 
1.445157 
1.076029 
-0.058320 
-1.389570 
-2.041588 
-1.509624 
0.045212 
1.698406 
2.434691 
1.717384 
-0.017320 
-1.744090 
-2.404411 
-1.682350 
-0.050062 
1.462421 
2.031307 
1.401894 
0.094793 
-1.087093 
-1.466225 
-0.987517 
-0.056882 
0.683121 
0.888528 
0.556989 
0.040519 
-0.353253 
-0.429465 
-0.268626 
0.001933 
0.189753 
0.237786 
0.114341 
-0.062701 
-0.202324 
-0.183688 
-0.051864 
0.121483 
0.186974 
0.139852 
0.008213 
-0.076204 
-0.093857 
-0.035570 
0.005163 
0.027163 
0.010652 
0.016713 
0.012917 
0.006928 
-0.044981 
-0.077896 
-0.075506 
0.009559 
0.099839 
0.155881 
0.097032 
-0.033092 
-0.200885 
-0.277384 
-0.216103 
0.023632 
0.307315 
0.485812 
0.370578 
-0.003693 
-0.466109 
-0.683903 
-0.502172 
0.034365 
0.578530 
0.816553 
0.565260 
-0.000029 
-0.571557 
-0.787858 
-0.562618 
-0.018379 
0.483622 
0.683700 
0.468450 
0.034526 
-0.368908 
-0.492180 
-0.338039 
-0.019675 
0.223586 
0.296921 
0.182700 
0.027437 
-0.096712 
-0.128538 
-0.131037 
-0.094690 
-0.044230 
0.057544 
0.138146 
0.168053 
0.090775 
-0.013787 
-0.101493 
-0.098647 
-0.059725 
-0.001463 
0.011683 
0.015154 
-0.005439 
-0.002012 
-0.002350 
0.025109 
0.039638 
0.059751 
0.033477 
-0.018334 
-0.116411 
-0.176493 
-0.155915 
0.022660 
0.270064 
0.452113 
0.350605 
-0.048221 
-0.589218 
-0.883805 
-0.667190 
0.091657 
0.979600 
1.453159 
1.068187 
-0.067415 
-1.381519 
-2.018874 
-1.494058 
0.040442 
1.686911 
2.439674 
1.740370 
0.000217 
-1.749852 
-2.421564 
-1.684621 
-0.031955 
1.477856 
2.022955 
1.378763 
0.084277 
-1.075303 
-1.452821 
-0.996322 
-0.083553 
0.665741 
0.895891 
0.574309 
0.043496 
-0.367824 
-0.445679 
-0.282015 
-0.026120 
0.142160 
0.214153 
0.179552 
0.095870 
-0.050843 
-0.178588 
-0.239768 
-0.148618 
0.022946 
0.190191 
0.213808 
0.118829 
-0.037586 
-0.115511 
-0.108730 
-0.026213 
0.029088 
0.053196 
0.023039 
-0.000397 
-0.035144 
-0.044850 
-0.050751 
0.002171 
0.079748 
0.161362 
0.132763 
-0.004091 
-0.208142 
-0.303040 
-0.219181 
0.051511 
0.330776 
0.473958 
0.338413 
-0.016484 
-0.448810 
-0.667737 
-0.516798 
0.000223 
0.560134 
0.825749 
0.577232 
-0.011229 
-0.599440 
-0.804981 
-0.557102 
-0.006112 
0.482439 
0.669066 
0.457026 
0.038170 
-0.354801 
-0.480884 
-0.336683 
-0.022561 
0.228079 
0.311155 
0.191253 
0.010505 
-0.133589 
-0.141814 
-0.071891 
0.033597 
0.077873 
0.078760 
0.026734 
-0.015203 
-0.064047 
-0.078828 
-0.081836 
-0.032002 
0.024864 
0.086946 
0.089013 
0.061615 
-0.002716 
-0.040283 
-0.064417 
-0.032520 
0.017388 
0.085015 
0.081048 
0.005600 
-0.135675 
-0.208790 
-0.157964 
0.052188 
0.289437 
0.432983 
0.316587 
-0.053453 
-0.560970 
-0.862474 
-0.684009 
0.055742 
0.967975 
1.476475 
1.091372 
-0.078629 
-1.416228 
-2.035825 
-1.475326 
0.066770 
1.683880 
2.409555 
1.721118 
0.015720 
-1.720215 
-2.415048 
-1.706803 
-0.050891 
1.489521 
2.053789 
1.394630 
0.071522 
-1.094251 
-1.448464 
-0.968137 
-0.059774 
0.662955 
0.877259 
0.568929 
0.059602 
-0.356088 
-0.461522 
-0.301629 
0.005961 
0.236019 
0.285853 
0.115634 
-0.111793 
-0.251726 
-0.181924 
-0.004435 
0.156653 
0.165810 
0.082888 
-0.026372 
-0.064557 
-0.072930 
-0.050388 
-0.035015 
0.018362 
0.065092 
0.097935 
0.052254 
-0.029658 
-0.136211 
-0.177215 
-0.135231 
0.042228 
0.269789 
0.438547 
0.345805 
-0.033978 
-0.569366 
-0.878917 
-0.680431 
0.078044 
0.982955 
1.469384 
1.076058 
-0.080786 
-1.403911 
-2.026519 
-1.481252 
0.052440 
1.675894 
2.412423 
1.726120 
0.012922 
-1.731258 
-2.426284 
-1.710583 
-0.047378 
1.492554 
2.048804 
1.383154 
0.063989 
-1.090064 
-1.438227 
-0.965900 
-0.070319 
0.652065 
0.880964 
0.584880 
0.070672 
-0.359276 
-0.470168 
-0.305898 
0.000080 
0.221066 
0.279426 
0.150050 
-0.038902 
-0.200816 
-0.219619 
-0.123275 
0.047580 
0.154651 
0.165949 
0.065658 
-0.035055 
-0.096088 
-0.067103 
-0.017785 
0.036978 
0.042002 
0.037984 
0.007915 
-0.007588 
-0.040377 
-0.049165 
-0.048118 
0.011116 
0.083361 
0.152299 
0.120728 
-0.004228 
-0.198352 
-0.300972 
-0.232588 
0.037730 
0.333603 
0.486740 
0.339511 
-0.031945 
-0.460941 
-0.660557 
-0.501814 
0.000571 
0.545087 
0.817111 
0.587585 
0.003648 
-0.600161 
-0.818480 
-0.562822 
0.004393 
0.494490 
0.666771 
0.445110 
0.033605 
-0.346981 
-0.472994 
-0.339948 
-0.032727 
0.222331 
0.311795 
0.190523 
0.006033 
-0.130633 
-0.119133 
-0.037194 
0.046506 
0.030227 
-0.035643 
-0.103173 
-0.068760 
0.030202 
0.148846 
0.168331 
0.100576 
-0.030904 
-0.111590 
-0.133188 
-0.079541 
-0.027625 
0.024373 
0.037204 
0.052144 
0.044624 
0.048755 
0.020866 
-0.022265 
-0.112677 
-0.172445 
-0.155120 
0.023402 
0.274775 
0.459872 
0.356953 
-0.045527 
-0.587573 
-0.879247 
-0.659712 
0.097586 
0.980415 
1.450924 
1.068100 
-0.064098 
-1.379672 
-2.023239 
-1.502633 
0.034150 
1.685329 
2.437711 
1.732087 
-0.012810 
-1.759787 
-2.424356 
-1.685837 
-0.039656 
1.464757 
2.014538 
1.380611 
0.088885 
-1.078504 
-1.461703 
-0.998248 
-0.074616 
0.672400 
0.887998 
0.562340 
0.055815 
-0.313677 
-0.365227 
-0.222796 
-0.050408 
-0.011752 
-0.048883 
-0.062313 
0.081120 
0.298812 
0.442538 
0.321132 
-0.007375 
-0.363412 
-0.483567 
-0.342565 
-0.050699 
0.157803 
0.219674 
0.143088 
0.053957 
-0.022199 
-0.040473 
-0.043273 
-0.016947 
-0.021383 
-0.033278 
-0.054588 
-0.004721 
0.083248 
0.168883 
0.129557 
-0.016681 
-0.213761 
-0.295311 
-0.211535 
0.046401 
0.320012 
0.473079 
0.348035 
-0.010574 
-0.453820 
-0.674086 
-0.513533 
0.009673 
0.564513 
0.822720 
0.575274 
-0.006260 
-0.591991 
-0.802070 
-0.558460 
-0.006011 
0.486352 
0.673180 
0.457731 
0.036742 
-0.354857 
-0.479304 
-0.336882 
-0.026833 
0.221974 
0.308247 
0.195824 
0.024249 
-0.114489 
-0.132569 
-0.097810 
-0.041323 
-0.017605 
0.034410 
0.096069 
0.153102 
0.101908 
-0.027074 
-0.171098 
-0.184150 
-0.082022 
0.071856 
0.130179 
0.098261 
0.007056 
-0.034899 
-0.041518 
-0.008909 
0.001421 
0.018831 
0.013525 
0.010434 
-0.031246 
-0.060393 
-0.068773 
0.002739 
0.093725 
0.163778 
0.113874 
-0.024098 
-0.206745 
-0.287144 
-0.215274 
0.035321 
0.315980 
0.480065 
0.355379 
-0.012029 
-0.459504 
-0.674105 
-0.507452 
0.013837 
0.563519 
0.821811 
0.577872 
-0.004290 
-0.594029 
-0.803792 
-0.555448 
-0.003078 
0.481763 
0.664390 
0.455877 
0.043302 
-0.352668 
-0.490149 
-0.350345 
-0.026521 
0.234085 
0.312325 
0.180740 
0.002518 
-0.124057 
-0.126317 
-0.080481 
-0.009010 
0.028638 
0.055963 
0.029909 
-0.010113 
-0.056420 
-0.028269 
0.039168 
0.113395 
0.091323 
0.005661 
-0.102098 
-0.120527 
-0.072858 
0.015945 
0.050331 
0.051047 
0.016945 
0.011911 
0.002117 
-0.000159 
-0.037506 
-0.057865 
-0.059345 
0.010640 
0.095272 
0.162902 
0.115778 
-0.020753 
-0.206064 
-0.288233 
-0.214243 
0.037279 
0.313540 
0.473667 
0.352761 
-0.007941 
-0.457359 
-0.681855 
-0.518287 
0.013383 
0.572806 
0.824996 
0.567144 
-0.015399 
-0.589401 
-0.789178 
-0.551286 
-0.014655 
0.472821 
0.673704 
0.473173 
0.046782 
-0.364933 
-0.497280 
-0.338291 
-0.007461 
0.239257 
0.300977 
0.165991 
-0.010430 
-0.141277 
-0.140235 
-0.058933 
0.071719 
0.140389 
0.123371 
-0.011473 
-0.160072 
-0.251846 
-0.188910 
-0.029650 
0.160008 
0.245650 
0.222811 
0.095122 
-0.031905 
-0.129542 
-0.136869 
-0.094383 
-0.001281 
0.067102 
0.107313 
0.066296 
-0.018018 
-0.140979 
-0.200048 
-0.156939 
0.039673 
0.279111 
0.436984 
0.327098 
-0.050619 
-0.566416 
-0.865124 
-0.678014 
0.064738 
0.972839 
1.477582 
1.093361 
-0.074155 
-1.411262 
-2.031818 
-1.472114 
0.068733 
1.683512 
2.407798 
1.720847 
0.017440 
-1.720493 
-2.421005 
-1.715757 
-0.056007 
1.489982 
2.052895 
1.385667 
0.058338 
-1.100813 
-1.445170 
-0.965266 
-0.068642 
0.645178 
0.865239 
0.573691 
0.082069 
-0.318015 
-0.414597 
-0.277092 
-0.050745 
0.064547 
0.068928 
0.027373 
0.080120 
0.185192 
0.251798 
0.140293 
-0.078916 
-0.277519 
-0.286556 
-0.151043 
0.030791 
0.108320 
0.102497 
0.045914 
0.029430 
0.025379 
0.040350 
0.016643 
-0.023893 
-0.107815 
-0.161961 
-0.146620 
0.024047 
0.269568 
0.455226 
0.356563 
-0.043310 
-0.587221 
-0.884119 
-0.669000 
0.089217 
0.978226 
1.453278 
1.066457 
-0.074813 
-1.392228 
-2.025279 
-1.493664 
0.039714 
1.677069 
2.425502 
1.734486 
0.005208 
-1.746047 
-2.428665 
-1.695574 
-0.032516 
1.489183 
2.033153 
1.378439 
0.079793 
-1.071282 
-1.438117 
-0.981537 
-0.078428 
0.664610 
0.901658 
0.593924 
0.066034 
-0.363973 
-0.470258 
-0.316781 
-0.034753 
0.182909 
0.289251 
0.240715 
0.095948 
-0.119979 
-0.276030 
-0.305085 
-0.149025 
0.069006 
0.235056 
0.225723 
0.105124 
-0.048243 
-0.106738 
-0.089440 
-0.015169 
0.024832 
0.043085 
0.019790 
0.004519 
-0.032331 
-0.051954 
-0.062155 
-0.001672 
0.084440 
0.161868 
0.120593 
-0.019487 
-0.211900 
-0.296991 
-0.219784 
0.038024 
0.318497 
0.476232 
0.347576 
-0.017015 
-0.458893 
-0.671266 
-0.507039 
0.010790 
0.560002 
0.821763 
0.582477 
0.001700 
-0.591675 
-0.805984 
-0.556660 
0.002560 
0.492059 
0.670284 
0.452993 
0.039069 
-0.347863 
-0.477796 
-0.343927 
-0.034278 
0.221667 
0.312530 
0.198681 
0.027383 
-0.105365 
-0.123440 
-0.109876 
-0.090059 
-0.087467 
-0.011231 
0.117894 
0.249132 
0.234525 
0.081349 
-0.138637 
-0.244367 
-0.206569 
-0.057146 
0.052477 
0.088061 
0.036687 
-0.005032 
-0.026803 
0.004340 
0.030336 
0.059438 
0.040128 
-0.006592 
-0.104883 
-0.170073 
-0.152544 
0.029938 
0.283690 
0.466243 
0.358705 
-0.044719 
-0.583281 
-0.873018 
-0.657588 
0.093704 
0.976222 
1.451912 
1.071184 
-0.066522 
-1.388145 
-2.029478 
-1.501409 
0.036844 
1.681047 
2.428868 
1.729142 
-0.007053 
-1.754851 
-2.427712 
-1.691076 
-0.035895 
1.476069 
2.021356 
1.378472 
0.087804 
-1.069406 
-1.448656 
-0.993879 
-0.078208 
0.675738 
0.906398 
0.582738 
0.054611 
-0.349748 
-0.429224 
-0.285231 
-0.055302 
0.107474 
0.207511 
0.214827 
0.150513 
-0.015448 
-0.179728 
-0.259788 
-0.159895 
0.024226 
0.181829 
0.179842 
0.076498 
-0.052033 
-0.088997 
-0.070826 
-0.018165 
0.001929 
0.026637 
0.027872 
0.021977 
-0.033829 
-0.073599 
-0.074351 
0.015412 
0.112388 
0.168564 
0.104061 
-0.028893 
-0.193289 
-0.266777 
-0.208942 
0.024638 
0.306763 
0.487827 
0.372553 
-0.006371 
-0.472887 
-0.690740 
-0.508002 
0.027235 
0.569197 
0.806556 
0.555369 
-0.010212 
-0.581046 
-0.795088 
-0.568802 
-0.026001 
0.476043 
0.680786 
0.470571 
0.036086 
-0.370889 
-0.492269 
-0.329845 
-0.005948 
0.234123 
0.301228 
0.184916 
0.028556 
-0.101103 
-0.133739 
-0.114258 
-0.035392 
0.042002 
0.115996 
0.118663 
0.074384 
-0.018688 
-0.077002 
-0.102879 
-0.069951 
-0.038542 
0.004696 
0.021822 
0.043372 
0.028754 
0.010940 
-0.024059 
-0.017501 
0.000762 
0.036210 
0.023998 
-0.005337 
-0.056238 
-0.062692 
-0.044049 
0.025502 
0.089536 
0.142104 
0.104484 
-0.008917 
-0.185555 
-0.284775 
-0.233178 
0.019049 
0.319961 
0.498463 
0.365130 
-0.024538 
-0.481868 
-0.680927 
-0.490481 
0.033325 
0.558812 
0.795688 
0.562867 
0.013534 
-0.563691 
-0.799869 
-0.583288 
-0.023859 
0.500621 
0.703279 
0.466616 
0.014180 
-0.378872 
-0.472858 
-0.307219 
-0.011174 
0.204138 
0.279044 
0.187488 
0.035069 
-0.114321 
-0.149535 
-0.091378 
0.025233 
0.070613 
0.039472 
-0.046842 
-0.067937 
-0.029539 
0.046401 
0.057947 
0.031442 
-0.014857 
-0.007359 
0.005716 
0.016824 
-0.015867 
-0.026749 
-0.021257 
0.020207 
0.029067 
0.025592 
-0.004531 
-0.010615 
-0.032101 
-0.044138 
-0.058621 
-0.005940 
0.078347 
0.160468 
0.123847 
-0.016455 
-0.212439 
-0.299671 
-0.220774 
0.040620 
0.322974 
0.479407 
0.348110 
-0.017420 
-0.457404 
-0.666932 
-0.501915 
0.013556 
0.559439 
0.820507 
0.584294 
0.006858 
-0.587847 
-0.808026 
-0.562440 
0.000399 
0.496383 
0.674252 
0.448480 
0.028495 
-0.353693 
-0.474214 
-0.338766 
-0.036637 
0.213332 
0.304478 
0.187253 
0.001526 
-0.139755 
-0.127322 
-0.036284 
0.056378 
0.038116 
-0.044498 
-0.136260 
-0.114915 
0.003700 
0.177186 
0.253136 
0.192617 
0.000800 
-0.165420 
-0.228957 
-0.144566 
-0.024815 
0.073876 
0.088071 
0.078483 
0.048960 
0.042980 
0.012084 
-0.030105 
-0.115939 
-0.171607 
-0.155771 
0.017545 
0.266635 
0.453783 
0.351977 
-0.053039 
-0.597015 
-0.886275 
-0.663263 
0.093752 
0.974415 
1.446496 
1.068838 
-0.060648 
-1.378042 
-2.022440 
-1.497602 
0.044103 
1.694985 
2.444144 
1.739195 
-0.001074 
-1.746442 
-2.415007 
-1.679969 
-0.031934 
1.475265 
2.022331 
1.382329 
0.088535 
-1.076238 
-1.459288 
-1.001474 
-0.082860 
0.666314 
0.887322 
0.560364 
0.042823 
-0.339920 
-0.397185 
-0.246837 
-0.049232 
0.029917 
0.028850 
0.009023 
0.077015 
0.175827 
0.237470 
0.148512 
-0.030349 
-0.207560 
-0.234241 
-0.137856 
0.014078 
0.082177 
0.078367 
0.027606 
0.022784 
0.035104 
0.059092 
0.027232 
-0.030816 
-0.123026 
-0.169242 
-0.142709 
0.026740 
0.260538 
0.440109 
0.349220 
-0.039747 
-0.584364 
-0.891945 
-0.681775 
0.085027 
0.985102 
1.459472 
1.062940 
-0.081687 
-1.390360 
-2.014256 
-1.484643 
0.040462 
1.676165 
2.431462 
1.745534 
0.013161 
-1.743926 
-2.427635 
-1.691612 
-0.027230 
1.492107 
2.032563 
1.375798 
0.076958 
-1.073656 
-1.441215 
-0.987448 
-0.087853 
0.652969 
0.889494 
0.584061 
0.065645 
-0.346990 
-0.441543 
-0.305000 
-0.077078 
0.074411 
0.151471 
0.149770 
0.125733 
0.052002 
-0.020841 
-0.086241 
-0.079061 
-0.040939 
0.018438 
0.027916 
0.017506 
-0.019833 
-0.023946 
-0.020796 
0.010648 
0.019639 
0.029060 
0.006868 
-0.006438 
-0.037175 
-0.044755 
-0.046961 
0.007959 
0.082320 
0.158567 
0.129080 
-0.002822 
-0.202602 
-0.300163 
-0.222888 
0.046460 
0.332176 
0.480790 
0.341358 
-0.021768 
-0.454496 
-0.664537 
-0.507894 
0.003141 
0.554025 
0.821279 
0.583405 
-0.000591 
-0.596989 
-0.811278 
-0.559624 
0.002361 
0.493038 
0.669691 
0.450032 
0.036773 
-0.346118 
-0.472942 
-0.339540 
-0.030897 
0.226418 
0.316653 
0.192352 
0.002162 
-0.140020 
-0.132835 
-0.052004 
0.041501 
0.052443 
0.020458 
-0.036710 
-0.040688 
-0.019841 
0.024959 
0.022500 
0.002887 
-0.030198 
-0.007469 
0.027802 
0.057219 
0.012688 
-0.044626 
-0.080809 
-0.028357 
0.043026 
0.095439 
0.055825 
-0.025839 
-0.132331 
-0.174977 
-0.137436 
0.036702 
0.266306 
0.440998 
0.352057 
-0.029750 
-0.569938 
-0.880620 
-0.677437 
0.086330 
0.990500 
1.470749 
1.073635 
-0.079407 
-1.396013 
-2.018564 
-1.480799 
0.047040 
1.673728 
2.417742 
1.732179 
0.010923 
-1.740013 
-2.431962 
-1.708209 
-0.043531 
1.488974 
2.038789 
1.376036 
0.064835 
-1.086667 
-1.440380 
-0.974135 
-0.078245 
0.648887 
0.881272 
0.588045 
0.082848 
-0.331928 
-0.438916 
-0.306955 
-0.071085 
0.087742 
0.164456 
0.165924 
0.155140 
0.084033 
-0.023479 
-0.149033 
-0.175005 
-0.105175 
0.027520 
0.091411 
0.083692 
0.016947 
-0.014842 
-0.029879 
-0.015578 
-0.016128 
0.008191 
0.018295 
0.020009 
-0.032185 
-0.071038 
-0.073427 
0.012715 
0.107857 
0.166864 
0.106355 
-0.027454 
-0.196758 
-0.271678 
-0.208645 
0.030000 
0.309921 
0.484960 
0.369223 
-0.003194 
-0.465142 
-0.686543 
-0.509842 
0.025883 
0.574069 
0.814337 
0.558870 
-0.011758 
-0.581682 
-0.791270 
-0.563975 
-0.024900 
0.473808 
0.678990 
0.470669 
0.036122 
-0.372739 
-0.495508 
-0.332785 
-0.007381 
0.233762 
0.298325 
0.172976 
0.004141 
-0.129396 
-0.143665 
-0.083285 
0.037481 
0.124415 
0.154715 
0.071542 
-0.060077 
-0.194220 
-0.217818 
-0.137134 
0.033196 
0.165323 
0.211482 
0.125886 
0.004929 
-0.094594 
-0.091380 
-0.041287 
0.028153 
0.042680 
0.038944 
0.008879 
-0.002516 
-0.034212 
-0.051252 
-0.060931 
-0.002064 
0.080532 
0.155851 
0.116852 
-0.019315 
-0.211991 
-0.301823 
-0.227157 
0.034747 
0.321223 
0.479101 
0.345014 
-0.022254 
-0.459329 
-0.665134 
-0.500787 
0.011503 
0.557966 
0.823859 
0.589978 
0.008970 
-0.589164 
-0.806236 
-0.554996 
0.007212 
0.496814 
0.672377 
0.452039 
0.036372 
-0.350205 
-0.477750 
-0.341328 
-0.031460 
0.221773 
0.306435 
0.178203 
-0.018035 
-0.167951 
-0.153580 
-0.032931 
0.118428 
0.151613 
0.057234 
-0.133075 
-0.253523 
-0.230925 
-0.036033 
0.179677 
0.302511 
0.232634 
0.058909 
-0.126199 
-0.188967 
-0.147440 
-0.030407 
0.046865 
0.074250 
0.035583 
0.011952 
-0.003297 
0.004950 
-0.026447 
-0.056037 
-0.067147 
0.008729 
0.106749 
0.175908 
0.117466 
-0.025069 
-0.202036 
-0.274863 
-0.205012 
0.035377 
0.310301 
0.479907 
0.363347 
-0.006083 
-0.464913 
-0.686023 
-0.512741 
0.018407 
0.566207 
0.812367 
0.562764 
-0.010427 
-0.589220 
-0.801540 
-0.564991 
-0.015855 
0.479636 
0.672198 
0.460032 
0.037415 
-0.359149 
-0.486536 
-0.340297 
-0.022206 
0.230001 
0.311413 
0.194882 
0.029869 
-0.099579 
-0.127320 
-0.125725 
-0.094173 
-0.046161 
0.078809 
0.206381 
0.259663 
0.127782 
-0.100943 
-0.292760 
-0.277094 
-0.103972 
0.107484 
0.178986 
0.125597 
0.008616 
-0.043815 
-0.048815 
-0.014159 
-0.003233 
0.019524 
0.023321 
0.022595 
-0.027481 
-0.064734 
-0.069654 
0.011487 
0.103817 
0.164626 
0.107507 
-0.027063 
-0.202605 
-0.283117 
-0.218408 
0.026902 
0.309027 
0.477663 
0.354709 
-0.015618 
-0.467635 
-0.683458 
-0.512656 
0.014022 
0.563886 
0.817064 
0.570392 
-0.006814 
-0.589023 
-0.797617 
-0.554735 
-0.005693 
0.483556 
0.673367 
0.466312 
0.048545 
-0.351920 
-0.487206 
-0.341333 
-0.015606 
0.239528 
0.310871 
0.179157 
0.008103 
-0.111953 
-0.116193 
-0.081728 
-0.025778 
0.000878 
0.033194 
0.036334 
0.040048 
0.018118 
0.015492 
-0.000519 
-0.006889 
-0.037554 
-0.042242 
-0.038666 
-0.002744 
0.006900 
0.012764 
-0.001519 
0.016787 
0.028176 
0.040076 
0.007301 
-0.020682 
-0.052651 
-0.046077 
-0.034904 
0.017955 
0.077774 
0.143084 
0.117657 
-0.000401 
-0.192747 
-0.298651 
-0.236455 
0.029464 
0.329106 
0.493022 
0.350791 
-0.030775 
-0.473905 
-0.671022 
-0.492882 
0.020533 
0.550625 
0.800977 
0.573645 
0.015266 
-0.574078 
-0.810160 
-0.580993 
-0.012100 
0.506348 
0.694690 
0.454071 
0.013834 
-0.366691 
-0.464727 
-0.314146 
-0.022707 
0.206102 
0.293906 
0.192607 
0.011925 
-0.154753 
-0.170038 
-0.056150 
0.120913 
0.184825 
0.092963 
-0.125764 
-0.275801 
-0.254624 
-0.036248 
0.195039 
0.300312 
0.194820 
0.011848 
-0.132053 
-0.133979 
-0.071055 
0.005970 
0.025894 
0.042019 
0.049351 
0.074317 
0.048776 
-0.017475 
-0.134596 
-0.198034 
-0.160069 
0.037264 
0.281194 
0.439143 
0.321549 
-0.063561 
-0.576272 
-0.864407 
-0.673586 
0.060033 
0.958596 
1.467819 
1.097531 
-0.064691 
-1.411394 
-2.041825 
-1.477307 
0.077613 
1.697859 
2.413237 
1.716293 
0.015551 
-1.710653 
-2.405564 
-1.707728 
-0.058830 
1.486167 
2.058192 
1.397367 
0.064383 
-1.106367 
-1.454917 
-0.968961 
-0.066771 
0.644141 
0.860363 
0.576481 
0.098840 
-0.307670 
-0.451833 
-0.381196 
-0.171969 
0.039799 
0.231418 
0.329917 
0.314548 
0.123565 
-0.139795 
-0.343304 
-0.314819 
-0.106375 
0.144111 
0.231176 
0.158636 
0.004165 
-0.074596 
-0.078183 
-0.023585 
0.002759 
0.024063 
0.018752 
0.016905 
-0.025748 
-0.060444 
-0.073519 
0.000095 
0.096981 
0.168416 
0.113591 
-0.028428 
-0.208628 
-0.283954 
-0.211783 
0.034100 
0.311947 
0.479148 
0.359169 
-0.008245 
-0.459929 
-0.676583 
-0.506564 
0.019223 
0.568698 
0.822776 
0.576868 
-0.001937 
-0.587472 
-0.798064 
-0.554595 
-0.004526 
0.483608 
0.670117 
0.459879 
0.041460 
-0.356940 
-0.490401 
-0.346609 
-0.026462 
0.225104 
0.299438 
0.175100 
0.010822 
-0.102695 
-0.098377 
-0.063599 
-0.038318 
-0.078387 
-0.105495 
-0.081170 
0.057385 
0.221495 
0.326711 
0.244889 
0.022134 
-0.243232 
-0.355644 
-0.277908 
-0.053579 
0.125620 
0.182119 
0.098127 
0.009467 
-0.033656 
-0.000620 
0.015192 
0.005117 
-0.047478 
-0.061256 
-0.040051 
0.038256 
0.103656 
0.147673 
0.102893 
-0.008138 
-0.178543 
-0.277260 
-0.230981 
0.017078 
0.317744 
0.496780 
0.363116 
-0.026206 
-0.483417 
-0.685878 
-0.500450 
0.024014 
0.556891 
0.797708 
0.557794 
-0.000915 
-0.575038 
-0.797433 
-0.574838 
-0.026064 
0.486445 
0.694572 
0.475317 
0.029116 
-0.376939 
-0.484207 
-0.312156 
0.003536 
0.227359 
0.288666 
0.175559 
0.012515 
-0.134189 
-0.160156 
-0.080433 
0.084598 
0.192418 
0.176997 
-0.004344 
-0.214304 
-0.333472 
-0.240808 
-0.017076 
0.220503 
0.298022 
0.216927 
0.029375 
-0.108956 
-0.162031 
-0.109490 
-0.040573 
0.031226 
0.055037 
0.062933 
0.025650 
-0.011435 
-0.057887 
-0.057406 
-0.035616 
0.030950 
0.089309 
0.141903 
0.113016 
0.006770 
-0.176445 
-0.290441 
-0.241887 
0.025376 
0.338968 
0.507066 
0.351167 
-0.042519 
-0.478689 
-0.661502 
-0.485188 
0.011398 
0.534148 
0.796889 
0.581787 
0.016101 
-0.589275 
-0.826035 
-0.581595 
-0.004520 
0.503663 
0.679900 
0.443969 
0.018487 
-0.357979 
-0.466635 
-0.324090 
-0.025817 
0.214925 
0.303597 
0.193168 
0.008971 
-0.148979 
-0.155194 
-0.045203 
0.117947 
0.170837 
0.075891 
-0.142254 
-0.286950 
-0.245452 
0.009674 
0.271674 
0.368907 
0.206849 
-0.050833 
-0.237020 
-0.219653 
-0.093912 
0.039273 
0.070546 
0.058757 
0.035906 
0.055423 
0.042500 
-0.015702 
-0.136616 
-0.203274 
-0.158465 
0.048320 
0.292684 
0.443828 
0.323761 
-0.055485 
-0.562376 
-0.852302 
-0.667124 
0.065320 
0.967559 
1.478099 
1.103491 
-0.063263 
-1.409450 
-2.037606 
-1.475564 
0.073214 
1.691230 
2.410268 
1.715249 
0.009076 
-1.723762 
-2.417035 
-1.711510 
-0.060731 
1.476614 
2.042682 
1.387775 
0.065796 
-1.103723 
-1.461644 
-0.979924 
-0.067100 
0.657167 
0.870176 
0.566466 
0.074018 
-0.322889 
-0.434717 
-0.326612 
-0.095043 
0.104954 
0.238604 
0.248400 
0.168618 
-0.001217 
-0.153479 
-0.230256 
-0.152638 
0.001248 
0.152806 
0.174255 
0.093560 
-0.041202 
-0.101910 
-0.086887 
-0.001346 
0.057030 
0.082615 
0.040174 
-0.023560 
-0.121970 
-0.179616 
-0.160792 
0.014498 
0.262247 
0.448162 
0.349887 
-0.048857 
-0.591637 
-0.887159 
-0.669310 
0.092167 
0.982236 
1.455939 
1.069435 
-0.067258 
-1.380115 
-2.014649 
-1.488491 
0.044115 
1.687574 
2.439891 
1.743197 
0.005170 
-1.746385 
-2.421970 
-1.687244 
-0.033072 
1.479778 
2.025390 
1.377670 
0.078863 
-1.080712 
-1.453432 
-0.994229 
-0.087729 
0.650813 
0.881379 
0.581847 
0.084259 
-0.310395 
-0.413452 
-0.322278 
-0.163467 
-0.063103 
0.042061 
0.182944 
0.362070 
0.406227 
0.234754 
-0.123593 
-0.409096 
-0.449045 
-0.207896 
0.083659 
0.243463 
0.181349 
0.040927 
-0.068131 
-0.062459 
-0.022795 
0.019375 
0.010443 
-0.000617 
-0.030685 
-0.038833 
-0.043228 
0.010125 
0.083973 
0.159791 
0.131657 
0.004324 
-0.192208 
-0.293548 
-0.223484 
0.045500 
0.339327 
0.493069 
0.347165 
-0.026389 
-0.459841 
-0.660837 
-0.499006 
0.005359 
0.545962 
0.811699 
0.581275 
0.002949 
-0.596843 
-0.819498 
-0.571802 
-0.005239 
0.493390 
0.672174 
0.445620 
0.024326 
-0.356625 
-0.471799 
-0.330843 
-0.028914 
0.216142 
0.305947 
0.194476 
0.012277 
-0.138222 
-0.140238 
-0.045582 
0.079372 
0.098771 
0.019315 
-0.119192 
-0.167092 
-0.094823 
0.080496 
0.199770 
0.201255 
0.066580 
-0.069424 
-0.146018 
-0.113809 
-0.054716 
0.011074 
0.030910 
0.044419 
0.027753 
0.018586 
-0.011430 
-0.023456 
-0.047842 
-0.048264 
-0.045810 
0.008866 
0.078242 
0.149976 
0.123202 
0.000426 
-0.193969 
-0.297035 
-0.228840 
0.041678 
0.339625 
0.496046 
0.348870 
-0.027464 
-0.460232 
-0.656420 
-0.491526 
0.009512 
0.544889 
0.811744 
0.587844 
0.011230 
-0.595733 
-0.824733 
-0.573187 
0.001203 
0.498446 
0.667125 
0.436117 
0.022398 
-0.350886 
-0.470759 
-0.340902 
-0.040765 
0.214621 
0.314257 
0.203531 
0.018245 
-0.135048 
-0.150131 
-0.087570 
0.009268 
0.054234 
0.075648 
0.056811 
0.039164 
-0.008256 
-0.039743 
-0.066916 
-0.045651 
-0.018818 
0.026958 
0.042735 
0.051928 
0.017498 
-0.016713 
-0.053725 
-0.030062 
0.018786 
0.081049 
0.067749 
-0.006771 
-0.134140 
-0.198185 
-0.155627 
0.042403 
0.283700 
0.442836 
0.330482 
-0.053199 
-0.571001 
-0.862800 
-0.668053 
0.070675 
0.965913 
1.466346 
1.093930 
-0.061292 
-1.403959 
-2.041849 
-1.487351 
0.068679 
1.698641 
2.416679 
1.710021 
0.000701 
-1.720530 
-2.404239 
-1.705217 
-0.066242 
1.473122 
2.052754 
1.402496 
0.069156 
-1.110366 
-1.461685 
-0.966953 
-0.054774 
0.655420 
0.860187 
0.562729 
0.077702 
-0.321563 
-0.433512 
-0.307986 
-0.057513 
0.121889 
0.182818 
0.120481 
0.050574 
-0.002237 
-0.005103 
-0.020707 
-0.028724 
-0.046358 
-0.022288 
0.003502 
0.036162 
0.021752 
0.000732 
-0.030820 
-0.013738 
0.019155 
0.070224 
0.060634 
-0.003217 
-0.128456 
-0.200543 
-0.163121 
0.040102 
0.288090 
0.444593 
0.323906 
-0.061683 
-0.572647 
-0.859378 
-0.668803 
0.062879 
0.958738 
1.466764 
1.098134 
-0.062216 
-1.410805 
-2.045829 
-1.482934 
0.075293 
1.698509 
2.411796 
1.710724 
0.009830 
-1.712532 
-2.404815 
-1.707921 
-0.060745 
1.484502 
2.058427 
1.399840 
0.068382 
-1.102849 
-1.453236 
-0.965976 
-0.056571 
0.660557 
0.868877 
0.558589 
0.050628 
-0.361124 
-0.457931 
-0.285478 
0.030196 
0.255481 
0.290826 
0.106423 
-0.135712 
-0.303163 
-0.269503 
-0.097817 
0.128329 
0.255818 
0.260860 
0.133430 
-0.015098 
-0.130908 
-0.133705 
-0.075014 
0.013770 
0.043586 
0.041662 
0.006555 
-0.005993 
-0.035753 
-0.055373 
-0.070868 
-0.011189 
0.080951 
0.163430 
0.120512 
-0.023579 
-0.215067 
-0.294407 
-0.213274 
0.042903 
0.319955 
0.478226 
0.354167 
-0.007402 
-0.451826 
-0.669056 
-0.505412 
0.016768 
0.568210 
0.825135 
0.579200 
-0.001497 
-0.589416 
-0.803011 
-0.561120 
-0.008058 
0.484661 
0.669286 
0.450413 
0.028420 
-0.361084 
-0.484491 
-0.345525 
-0.040454 
0.208232 
0.301626 
0.201232 
0.043773 
-0.084657 
-0.111980 
-0.123388 
-0.142025 
-0.172677 
-0.087974 
0.119229 
0.378495 
0.464664 
0.296499 
-0.076933 
-0.392454 
-0.482839 
-0.293140 
-0.010331 
0.204630 
0.225136 
0.129218 
-0.001370 
-0.044650 
-0.021290 
0.048987 
0.061162 
0.008811 
-0.114976 
-0.190605 
-0.157539 
0.042843 
0.290232 
0.447084 
0.325248 
-0.063613 
-0.577416 
-0.864004 
-0.671708 
0.059356 
0.951494 
1.456807 
1.089976 
-0.066494 
-1.414565 
-2.053130 
-1.492269 
0.069593 
1.698500 
2.412764 
1.707847 
0.005483 
-1.711874 
-2.398170 
-1.701579 
-0.059069 
1.485482 
2.064663 
1.409972 
0.075931 
-1.099694 
-1.450005 
-0.960384 
-0.052384 
0.661063 
0.871672 
0.572158 
0.073799 
-0.344171 
-0.470525 
-0.341892 
-0.055225 
0.192223 
0.310501 
0.224848 
0.020215 
-0.210454 
-0.296189 
-0.209645 
0.013861 
0.188810 
0.230513 
0.111482 
-0.028113 
-0.116548 
-0.096536 
-0.045989 
0.019372 
0.051074 
0.082431 
0.064969 
0.007760 
-0.112429 
-0.191652 
-0.166098 
0.035793 
0.295825 
0.462868 
0.336709 
-0.065157 
-0.584022 
-0.861678 
-0.658093 
0.072736 
0.953700 
1.449888 
1.085740 
-0.060036 
-1.402304 
-2.048181 
-1.501286 
0.055839 
1.696015 
2.423989 
1.715740 
-0.005851 
-1.734206 
-2.407097 
-1.689160 
-0.047019 
1.473926 
2.037993 
1.398992 
0.091683 
-1.082414 
-1.458377 
-0.985135 
-0.060123 
0.680076 
0.886970 
0.553800 
0.038647 
-0.342562 
-0.401658 
-0.242726 
-0.011651 
0.112903 
0.123089 
0.037061 
-0.027270 
-0.046708 
0.008189 
0.054934 
0.077392 
0.031564 
-0.020522 
-0.072381 
-0.069476 
-0.049970 
-0.002056 
0.020067 
0.042222 
0.039226 
0.051930 
0.035011 
-0.005967 
-0.108308 
-0.182698 
-0.165887 
0.027059 
0.289434 
0.466923 
0.346435 
-0.060849 
-0.588112 
-0.865008 
-0.651341 
0.086275 
0.961849 
1.447733 
1.082526 
-0.053444 
-1.388780 
-2.040945 
-1.505740 
0.049762 
1.699724 
2.433954 
1.718436 
-0.014593 
-1.743301 
-2.406332 
-1.683685 
-0.049144 
1.462967 
2.029274 
1.399267 
0.094325 
-1.086409 
-1.467316 
-0.990654 
-0.059884 
0.681530 
0.889079 
0.562641 
0.053446 
-0.340331 
-0.434774 
-0.306373 
-0.057458 
0.147991 
0.255741 
0.199343 
0.046953 
-0.133878 
-0.197861 
-0.137668 
0.013584 
0.108003 
0.116041 
0.037411 
-0.017555 
-0.041289 
-0.019186 
-0.017269 
-0.005260 
0.001561 
0.035584 
0.034616 
0.009320 
-0.055070 
-0.076904 
-0.055531 
0.030722 
0.102573 
0.144275 
0.093135 
-0.018184 
-0.181592 
-0.275093 
-0.231415 
0.011702 
0.313808 
0.500059 
0.370520 
-0.022189 
-0.484138 
-0.684799 
-0.492704 
0.034303 
0.562126 
0.797615 
0.559819 
0.007286 
-0.566480 
-0.795993 
-0.578540 
-0.026361 
0.491721 
0.697772 
0.470518 
0.021208 
-0.379534 
-0.482345 
-0.315148 
-0.008683 
0.213476 
0.284519 
0.185526 
0.032756 
-0.112839 
-0.155178 
-0.117973 
-0.009874 
0.071843 
0.111807 
0.066346 
-0.004747 
-0.086323 
-0.100045 
-0.065533 
0.018967 
0.066010 
0.075914 
0.028405 
-0.005112 
-0.032999 
-0.024501 
-0.022835 
0.006464 
0.034135 
0.076727 
0.062924 
-0.000942 
-0.124497 
-0.196557 
-0.162872 
0.036161 
0.285806 
0.449163 
0.330643 
-0.063370 
-0.584137 
-0.868254 
-0.664681 
0.072638 
0.957425 
1.451721 
1.086439 
-0.056112 
-1.395929 
-2.043780 
-1.498023 
0.063622 
1.708203 
2.432366 
1.716419 
-0.004518 
-1.723365 
-2.392577 
-1.685056 
-0.054591 
1.469965 
2.047505 
1.410482 
0.087827 
-1.099122 
-1.468263 
-0.979630 
-0.054056 
0.671137 
0.871117 
0.551231 
0.047843 
-0.352195 
-0.452812 
-0.308883 
-0.024592 
0.201545 
0.279838 
0.149098 
-0.070996 
-0.255787 
-0.246936 
-0.080355 
0.145912 
0.245459 
0.197952 
0.044065 
-0.065462 
-0.105398 
-0.068076 
-0.038889 
-0.004975 
0.010960 
0.043513 
0.037115 
0.007957 
-0.057463 
-0.079986 
-0.060892 
0.023933 
0.099164 
0.147275 
0.097918 
-0.019277 
-0.188055 
-0.277141 
-0.223356 
0.022025 
0.315015 
0.493771 
0.369894 
-0.011134 
-0.471680 
-0.683461 
-0.499817 
0.032701 
0.571848 
0.808519 
0.559759 
-0.001836 
-0.571753 
-0.790604 
-0.570316 
-0.027410 
0.480584 
0.688241 
0.472123 
0.028927 
-0.379266 
-0.493857 
-0.327073 
-0.008907 
0.220783 
0.285048 
0.178247 
0.036716 
-0.083875 
-0.120837 
-0.123042 
-0.082077 
-0.042992 
0.027174 
0.092826 
0.166829 
0.174768 
0.111424 
-0.047632 
-0.191894 
-0.251276 
-0.150865 
0.008326 
0.134246 
0.122351 
0.046088 
-0.028840 
-0.013279 
0.031453 
0.073092 
0.041643 
-0.021239 
-0.115972 
-0.163946 
-0.140283 
0.027729 
0.263187 
0.444239 
0.351374 
-0.040707 
-0.585166 
-0.890169 
-0.680299 
0.082028 
0.979107 
1.456365 
1.064241 
-0.081998 
-1.397298 
-2.023492 
-1.487846 
0.043208 
1.675687 
2.422923 
1.736292 
0.012531 
-1.738350 
-2.426634 
-1.698725 
-0.033675 
1.494939 
2.041224 
1.379805 
0.073035 
-1.077418 
-1.436096 
-0.975271 
-0.078294 
0.654885 
0.888284 
0.583713 
0.060150 
-0.363425 
-0.453452 
-0.277475 
0.006195 
0.173871 
0.186996 
0.069057 
-0.037698 
-0.090054 
-0.048192 
0.008862 
0.058373 
0.039085 
-0.001783 
-0.055814 
-0.055139 
-0.032951 
0.012848 
0.020863 
0.027879 
0.026593 
0.057548 
0.053837 
0.004824 
-0.115952 
-0.195193 
-0.164431 
0.041078 
0.296796 
0.456946 
0.331103 
-0.063517 
-0.577986 
-0.859133 
-0.660907 
0.070238 
0.956292 
1.455799 
1.090013 
-0.059503 
-1.403247 
-2.047012 
-1.496852 
0.060932 
1.697903 
2.422026 
1.713768 
-0.004022 
-1.730005 
-2.405841 
-1.693171 
-0.052226 
1.472934 
2.040793 
1.399721 
0.086832 
-1.089120 
-1.460866 
-0.983265 
-0.059846 
0.675481 
0.883000 
0.559172 
0.053410 
-0.331795 
-0.412429 
-0.279486 
-0.055111 
0.097355 
0.159693 
0.116813 
0.056081 
-0.001793 
-0.002894 
-0.002491 
-0.004194 
-0.048887 
-0.071280 
-0.069036 
-0.011951 
0.027679 
0.049248 
0.023661 
0.016416 
0.018838 
0.053963 
0.048439 
-0.000996 
-0.116942 
-0.192366 
-0.163837 
0.037354 
0.292356 
0.454622 
0.329870 
-0.064985 
-0.579035 
-0.859419 
-0.661568 
0.069018 
0.956290 
1.457979 
1.092810 
-0.057909 
-1.402600 
-2.045854 
-1.494311 
0.064714 
1.701624 
2.423478 
1.712419 
-0.004850 
-1.726793 
-2.401160 
-1.693912 
-0.059467 
1.467393 
2.043284 
1.404147 
0.082199 
-1.102128 
-1.469257 
-0.979924 
-0.054508 
0.669458 
0.867537 
0.548478 
0.053489 
-0.330381 
-0.416946 
-0.279048 
-0.033833 
0.131502 
0.170844 
0.075492 
-0.023667 
-0.065693 
0.000464 
0.075892 
0.109541 
0.041690 
-0.047409 
-0.120093 
-0.107971 
-0.060489 
0.014179 
0.050316 
0.072334 
0.057187 
0.050451 
0.017388 
-0.024442 
-0.111695 
-0.170547 
-0.154777 
0.022144 
0.273462 
0.459042 
0.355371 
-0.048738 
-0.591102 
-0.881342 
-0.661199 
0.094285 
0.975682 
1.448484 
1.069340 
-0.063357 
-1.383117 
-2.027070 
-1.500084 
0.041806 
1.689106 
2.434527 
1.731031 
-0.003491 
-1.746427 
-2.419811 
-1.689902 
-0.038155 
1.478871 
2.029389 
1.382068 
0.081772 
-1.076975 
-1.447521 
-0.986998 
-0.078017 
0.665315 
0.895211 
0.578356 
0.049980 
-0.362430 
-0.436108 
-0.258854 
0.004026 
0.147228 
0.161436 
0.079122 
0.014913 
-0.031591 
-0.037852 
-0.051984 
-0.040452 
-0.029638 
0.012582 
0.040209 
0.065638 
0.038781 
-0.001603 
-0.052376 
-0.037863 
0.013311 
0.083793 
0.073137 
-0.007667 
-0.141672 
-0.204106 
-0.154967 
0.044047 
0.277809 
0.430200 
0.320962 
-0.053603 
-0.568485 
-0.867750 
-0.680651 
0.061826 
0.969071 
1.474818 
1.094271 
-0.070500 
-1.408756 
-2.031761 
-1.471160 
0.074080 
1.692382 
2.416061 
1.725723 
0.020416 
-1.715092 
-2.410949 
-1.704739 
-0.050551 
1.488933 
2.052574 
1.392193 
0.067011 
-1.100448 
-1.454632 
-0.973824 
-0.067523 
0.650420 
0.861501 
0.556437 
0.058875 
-0.338538 
-0.429152 
-0.279066 
-0.023639 
0.129221 
0.138932 
0.026761 
-0.053274 
-0.048512 
0.059527 
0.142243 
